3372 216.965 0 0 0 
26 379.347 0 0 0 
138 -80 65.2013 0 0 
133 -80 0 0 0 
67 -80 0 0 0 
22 333.33 0 0 0 
3116 213.807 0 0 0 
134 -16.0255 0 0 0 
2892 238.15 349.505 0 0 
28 0 383.23 0 -80 
21 273.476 0 360.607 0 
2890 0 0 0 175.262 
1925 209.591 0 0 0 
1413 243.335 0 0 200.039 
68 -80 151.495 293.546 244.4 
1932 358.728 179.532 100.283 0 
69 -80 0 0 0 
25 373.144 0 0 0 
66 202.843 0 254.455 332.702 
3084 191.936 0 146.512 0 
20 350.238 230.329 242.667 169.944 
646 271.714 385.985 276.308 281.146 
129 226.779 258.299 368.716 276.483 
3843 97.079 46.6129 0 -40.4146 
1558 302.111 0 0 0 
3370 128.299 121.24 339.003 252.905 
2586 274.886 0 0 0 
902 187.262 324.114 180.438 171.308 
1929 302.072 264.954 114.113 168.352 
1562 361.958 221.221 207.802 213.957 
1926 303.525 245.58 0 0 
844 352.205 315.972 221.43 134.597 
1158 269.026 167.693 0 230.371 
76 393.198 0 0 0 
2588 250.63 0 241.971 249.317 
2121 248.141 271.981 306.526 355.983 
2378 228.807 260.12 226.101 133.859 
2346 78.2166 0 312.317 253.712 
2888 184.908 285.033 165.225 202.736 
3 306.077 324.746 347.648 344.514 
1930 337.347 252.715 226.199 120.819 
2582 179.552 335.22 178.376 284.983 
2579 224.129 347.578 0 316.482 
3114 148.817 197.985 331.591 252.044 
1555 272.897 118.528 256.785 307.695 
12 322.979 343.545 258.925 297.143 
650 321.969 0 229.837 262.049 
17 215.964 331.775 113.194 190.055 
3845 106.823 139.154 173.51 75.4095 
132 -80 197.342 283.655 232.112 
2377 245.641 0 0 243.796 
1157 269.347 235.521 214.356 372.08 
130 289.17 205.481 241.108 242.266 
3590 168.496 239.491 224.872 229.904 
325 308.701 241.915 263.669 193.934 
2073 225.825 262.217 251.135 266.326 
65 216.052 120.468 309.856 426.823 
3852 151.23 156.427 0 0 
1046 263.951 237.004 397.05 276.678 
18 124.293 274.633 128.721 163.945 
136 105.283 203.93 261.109 319.268 
3610 0 148.616 0 0 
905 155.53 257.788 147.464 151.816 
2074 232.796 264.913 303.823 318.153 
1564 354.737 316.989 175.126 268.302 
3340 146.78 293.114 200.39 127.671 
538 428.091 294.133 126.48 268.284 
389 262.252 404.728 259.596 243.974 
3094 207.501 87.3759 281.667 286.362 
1669 239.883 0 174.361 381.406 
2585 248.307 218.384 0 0 
16 283.75 218.551 196.801 169.635 
1324 344.12 310.336 264.056 127.956 
24 306.251 247.903 245.741 163.555 
2090 219.121 215.186 402.235 269.777 
3850 75.9085 105.263 202.297 170.136 
9 276.154 260.086 239.793 385.347 
3602 177.078 179.076 71.1844 262.821 
897 241.234 297.421 146.532 166.346 
2578 180.323 270.346 173.694 243.892 
643 278.623 262.021 272.702 357.283 
38 382.389 0 0 0 
579 303.573 250.822 312.654 402.394 
3849 82.9412 102.747 170.487 68.8893 
3604 168.109 231.958 74.1573 288.481 
1674 331.395 267.221 177.152 220.411 
1924 243.918 205.054 114.52 165.731 
842 347.619 0 0 152.194 
128 144.704 137.307 315.125 170.142 
6 272.147 324.385 280.189 299.428 
34 0 303.142 109.026 0 
10 230.489 247.671 375.941 244.459 
2076 284.434 353.586 319.118 271.498 
393 302.39 336.216 267.636 213.991 
3098 95.7925 170.768 361.386 276.006 
1417 417.534 139.765 234.154 329.153 
3596 252.254 148.196 185.45 390.302 
3112 211.143 117.392 276.365 284.79 
1050 388.916 319.238 364.586 268.886 
3096 181.852 140.925 356.943 263.922 
2570 194.997 241.394 94.3489 248.377 
1557 260.354 224.859 331.63 286.428 
2373 133.733 260.268 252.43 203.041 
3608 184.846 164.611 164.724 305.159 
906 342.822 294.856 172.247 0 
531 267.319 244.767 256.957 62.1975 
2369 194.996 237.54 290.725 244.392 
1409 255.236 213.945 333.608 292.276 
1670 249.695 0 0 0 
588 361.849 283.437 243.085 262.864 
293 264.145 375.039 310.353 242.244 
834 289.575 243.033 142.654 203.986 
2889 301.329 0 0 0 
2348 290.253 311.945 236.689 0 
2380 255.525 316.968 264.115 0 
1414 323.382 0 371.827 107.276 
332 359.251 324.471 262.899 240.639 
3331 208.354 203.314 342.606 272.337 
540 377.066 349.211 233.451 296.923 
1162 269.455 274.068 410.36 264.613 
2067 265.971 248.404 393.109 316.608 
1316 272.093 234.71 254.244 178.159 
3364 132.64 122.351 298.24 116.837 
4 238.255 391.721 313.681 250.4 
5 246.864 268.262 292.503 369.377 
33 260.033 190.487 160.382 82.1238 
534 286.202 397.114 222.325 270.969 
3108 104.038 156.592 357.993 160.543 
2885 197.505 405.44 159.824 183.269 
2344 285.929 290.943 201.438 220.376 
323 301.527 340.669 460.564 333.861 
1068 371.685 317.012 295.727 305.81 
3594 205.102 191.009 223.985 279.213 
3603 0 206.218 333.685 0 
898 219.072 268.236 141.491 130.813 
649 282.628 261.994 275.287 378.252 
2376 180.397 186.393 261.68 192.678 
2316 213.175 410.172 332.345 222.385 
1285 252.47 254.274 263.307 204.053 
3333 191.345 154.8 269.566 158.481 
1411 261.251 186.976 380.079 276.63 
329 401.624 291.557 0 274.288 
2313 224.729 244.078 264.811 202.648 
1322 356.635 193.948 325.953 214.925 
1049 306.097 323.833 300.934 413.053 
3606 186.49 0 0 0 
901 281.753 0 102.985 157.765 
390 288.825 345.811 346.592 345.824 
2632 199.733 264.957 230.563 261.381 
3605 149.713 52.8901 151.35 331.713 
900 243.691 355.381 228.361 187.112 
3363 189.987 0 0 0 
2822 223.983 383.664 217.559 165.252 
1921 312.358 285.084 146.049 194.456 
298 339.154 255.417 303.326 236.815 
2070 326.271 340.334 418.971 281.707 
8 320.153 304.436 227.863 296.454 
581 323.067 308.787 294.854 434.264 
40 351.201 203.335 206.695 231.288 
387 267.857 300.701 395.707 297.261 
3092 168.497 147.517 267.817 316.142 
2072 252.328 295.194 360.525 255.334 
1314 306.332 200.471 342.009 232.564 
773 252.173 390.484 189.208 152.058 
1667 271.817 190.029 263.772 349.559 
585 464.092 270.961 303.545 362.87 
3337 244.926 165.662 311.565 192.297 
1561 404.584 299.525 206.56 319.33 
2058 242.318 267.454 423.434 278.098 
530 269.891 348.145 263.163 255.236 
1155 285.697 242.047 407.777 288.72 
3334 157.46 161.404 365.005 167.656 
3366 172.616 148.328 456.118 301.376 
2825 180.21 288.903 144.03 144.322 
2120 249.28 239.492 269.652 309.118 
2069 275.763 316.377 354.079 324.431 
3841 68.7445 108.616 184.435 122.492 
835 232.756 0 206.686 0 
294 306.545 416.505 339.278 293.712 
3587 269.164 210.419 120.64 312.083 
645 282.227 367.895 293.723 488.935 
32 160.82 336.699 142.45 101.786 
64 163.811 155.834 234.867 274.917 
3593 107.342 90.8321 171.399 392.34 
2060 340.883 413.926 332.278 300.027 
2633 245.186 318.521 276.933 253.583 
2092 359.863 376.695 303.687 322.221 
2345 202.031 0 0 0 
2886 225.624 330.254 0 269.193 
1804 318.413 300.181 155.529 289.437 
2581 235.048 379.64 266.274 345.803 
320 308.881 259.605 274.291 280.79 
36 229.403 162.999 208.553 207.35 
577 254.812 270.093 272.525 347.208 
2339 220.123 310.859 375.375 246.165 
1798 245.271 199.648 198.479 182.383 
2880 56.1948 275.042 164.351 138.385 
2113 222.275 328.334 304.621 367.273 
3329 192.963 202.365 317.842 228.167 
908 333.472 406.383 136.654 237.957 
3072 177.55 216.597 262.034 274.528 
3586 172.805 232.63 222.669 318.073 
1928 282.948 161.676 163.206 177.054 
3091 102.073 132.532 322.723 291.026 
386 304.931 311.904 368.088 368.342 
2817 242.251 196.229 182.295 197.549 
3588 166.806 103.091 197.349 363.949 
396 267.669 367.492 272.446 273.224 
2560 265.657 287.652 296.216 381.081 
3074 193.684 183.451 389.152 309.42 
2883 56.6786 0 0 0 
2342 300.986 406.204 298.783 286.027 
1801 379.977 113.277 208.07 243.899 
3600 174.911 176.585 182.453 263.123 
2 241.538 291.894 353.402 378.073 
259 290.736 265.134 411.377 315.228 
3113 108.352 179.744 308.664 0 
2572 268.764 403.529 184.552 308.382 
2112 207.098 380.267 279.963 274.4 
1030 269.614 223.081 392.982 278.368 
2309 187.146 392.876 246.501 210.479 
3080 160.18 137.786 311.346 204.789 
1281 308.112 257.731 293.148 179.06 
1538 312.68 204.407 267.697 303.19 
1024 266.325 242.886 394.908 272.095 
2052 297.17 382.084 309.425 379.558 
3107 184.384 177.814 279.59 382.307 
2566 221.456 367.281 223.289 272.033 
1052 371.525 353.612 271.09 261.212 
3601 160.192 182.998 204.527 307.457 
896 400.68 264.627 119.329 218.587 
1153 260.115 226.247 270.922 379.571 
2625 210.875 283.768 295.63 420.548 
2084 301.785 372.853 284.43 341.206 
2580 133.156 363.525 247.528 257.755 
2066 253.985 277.857 342.386 271.398 
2634 0 0 229.432 0 
1552 315.574 231.103 223.665 244.134 
1666 291.29 203.875 231.717 255.949 
584 319.473 324.531 229.772 282.058 
1795 199.126 112.173 204.164 269.947 
2336 223.257 287.389 250.979 178.625 
537 447.269 273.121 268.54 287.544 
3081 85.5652 135.481 219.978 487.575 
1025 290.718 286.218 263.13 399.509 
1282 383.322 229.116 384.861 260.615 
2053 318.773 329.096 275.797 316.783 
2310 183.489 371.826 380.522 297.34 
3365 150.772 0 0 0 
2824 198.377 270.753 127.485 178.217 
768 228.302 330.193 202.391 183.692 
2337 184.461 365.729 333.244 223.856 
1796 256.576 227.337 190.684 194.493 
2080 278.456 316.797 265.019 292.244 
1539 273.905 176.759 281.978 361.999 
3338 190.891 90.7032 352.615 193.06 
3585 212.719 213.874 173.523 381.907 
3842 111.794 111.738 118.983 202.673 
1164 351.07 273.865 267.18 292.138 
3328 191.014 244.594 319.468 210.141 
3110 112.537 127.675 0 267.814 
2569 258.383 295.485 229.676 329.981 
513 302.125 319.413 295.378 376.982 
256 274.079 341.612 362.696 249.179 
770 189.957 334.672 197.364 185.411 
2312 204.634 249.722 341.743 173.61 
1027 285.225 256.482 313.391 393.572 
1284 306.224 203.115 317.498 194.382 
2082 218.36 270.806 264.132 291.467 
1541 282.335 226.887 188.756 391.137 
2826 209.858 278.507 202.07 234.319 
1416 389.379 163.454 269.743 156.854 
3093 194.92 0 222.528 330.619 
388 264.284 421.343 259.611 246.529 
1673 282.4 118.683 267.399 278.149 
2051 277.48 272.283 393.248 348.035 
1794 307.266 92.5132 192.969 197.26 
1280 338.157 188.738 276.094 243.044 
1537 299.595 180.045 309.057 403.384 
2308 349.981 337.709 300.495 302.575 
3336 163.972 142.033 301.168 169.045 
2305 199.216 324.463 253.282 234.018 
2048 229.18 277.055 268.754 296.46 
3076 169.348 151.981 316.23 214.317 
2562 175.402 235.071 257.987 322.99 
288 299.885 271.169 272.441 134.564 
1410 247.51 268.911 303.329 215.832 
328 418.042 265.433 350.501 281.74 
640 261.971 285.838 257.856 350.089 
72 363.65 153.938 194.073 0 
1154 271.02 234.31 384.076 293.039 
586 359.024 0 220.205 365.538 
1668 237.647 224.521 227.467 289.104 
1048 399.612 280.026 318.653 375.696 
2064 220.467 321.232 264.328 244.756 
265 355.933 277.59 305.338 222.052 
2118 287.972 303.859 321.969 329.776 
1036 356.547 309.669 301.147 279.068 
522 400.662 279.632 226.06 266.971 
833 296.267 166.341 166.575 116.131 
292 274.595 388.753 278.309 294.973 
1320 349.546 140.967 293.573 272.826 
326 277.92 261.164 421.994 315.187 
1408 249.045 253.033 340.813 200.498 
42 249.018 0 0 0 
1665 277.678 196.961 234.462 425.346 
70 -80 -80 0 0 
1152 254.842 228.117 318.754 298.545 
260 269.933 398.293 323.602 314.484 
2370 159.358 294.784 355.308 185.777 
1288 403.151 322.569 295.881 229.168 
1315 274.466 218.538 340.168 0 
774 262.232 375.281 164.904 201.223 
2884 307.492 354.794 140.098 194.464 
1802 338.898 154.179 249.708 178.101 
268 307.753 359.908 301.695 271.606 
1553 333.989 153.619 262.639 355.989 
1792 243.098 203.47 214.414 207.895 
2049 266.423 313.069 281.761 370.136 
2306 287.111 290.71 397.986 322.948 
3361 157.242 0 131.305 238.316 
2820 186.971 409.374 104.857 239.91 
3848 59.2201 76.7875 180.41 88.7087 
3104 240.011 192.805 266.017 330.776 
2563 164.941 274.247 273.078 271.571 
3077 143.476 149.269 270.288 436.859 
1317 0 263.204 0 0 
776 470.634 254.448 213.165 189.908 
262 314.222 337.677 349.757 333.687 
2115 246.127 294.118 284.815 370.228 
1033 406.138 332.442 296.558 311.17 
3073 162.038 193.163 294.118 405.246 
3330 134.48 169.921 408.171 165.831 
652 331.465 367.053 232.638 262.347 
2816 189.377 301.009 197.578 210.371 
3844 144.31 303.07 117.036 103.286 
266 417.488 326.323 345.084 349.075 
1321 372.395 228.285 0 211.322 
780 314.128 341.606 168.994 219.396 
2065 249.43 283.428 265.71 364.896 
1061 274.034 251.899 251.881 308.695 
520 436.659 260.852 272.159 286.023 
2116 269.66 367.651 311.128 263.147 
1034 322.933 318.55 420.209 251.188 
2576 225.264 367.799 216.825 303.02 
2089 265.472 289.391 220.669 346.437 
2630 252.528 0 135.88 245.429 
1548 338.523 294.637 134.534 292.537 
1318 264.867 235.803 386.896 174.929 
777 393.018 242.543 216.449 167.859 
1028 246.434 218.777 307.17 268.382 
2056 219.413 247.532 295.166 264.027 
257 266.556 274.578 260.774 223.368 
514 300.45 297.442 267.171 274.121 
0 293.29 235.876 238.864 290.364 
1536 271.785 254.033 246.229 261.025 
3078 152.005 167.694 418.365 299.155 
2050 302.269 289.867 399.182 313.932 
1793 318.79 234.874 206.78 171.071 
2307 196.399 333.14 388.544 310.337 
3592 191.186 207.359 195.614 314.73 
3362 196.643 225.532 344.906 148.681 
2821 146.397 353.304 195.424 299.574 
258 289.844 272.436 492.688 285.517 
1313 241.438 228.195 384.743 257.747 
772 320.628 354.767 217.532 167.674 
2341 169.066 374.914 254.309 224.949 
2882 170.722 184.761 199.718 197.226 
1800 416.694 201.467 238.648 177.817 
3369 0 141.005 0 0 
2828 303.379 386.219 168.068 268.275 
1 261.986 287.528 300.99 257.166 
2057 275.921 295.296 330.684 356.229 
1029 263.922 238.153 308.2 307.857 
1056 302.069 287.774 296.25 268.344 
515 385.089 311.845 325.809 399.366 
2368 242.874 264.689 318.532 253.392 
1286 324.942 277.617 376.671 288.529 
2314 237.007 298.35 386.177 219.972 
512 266.966 272.438 210.207 266.947 
1026 299.296 311.894 358.799 288.791 
3109 169.99 179.791 197.823 412.314 
2568 209.436 280.917 175.52 382.132 
2054 366.043 317.563 419.409 314.387 
769 266.782 366.301 164.082 204.973 
3082 108.385 158.099 327.199 299.037 
1283 307.537 235.952 362.611 286.087 
778 354.45 296.694 186.467 175.275 
264 436.178 275.218 344.701 326.705 
1062 239.46 183.975 404.544 233.213 
521 329.559 300.978 274.286 426.719 
2374 177.506 350.262 312.36 181.816 
1292 323.345 252.814 282.945 228.571 
2577 211.311 277.244 175.7 350.515 
2114 205.966 244.968 426.6 334.967 
1032 413.087 328.845 299.792 336.66 
3088 198.894 227.339 295.582 311.877 
1059 329.02 292.862 299.678 438.889 
518 253.662 383.574 211.213 300.858 
2371 153.24 282.617 373.914 299.689 
1289 412.829 159.205 299.804 203.026 
261 284.445 382.061 284.967 246.254 
2628 265.737 360.255 129.039 247.956 
1546 370.254 281.512 216.23 268.209 
648 304.436 323.244 236.873 274.687 
582 264.228 345.328 207.328 210.53 
1664 228.733 209.55 214.007 343.95 
1420 215.513 258.039 267.327 234.026 
3584 178.575 197.626 193.581 232.09 
1672 380.272 226.706 183.666 261.624 
644 283.723 416.398 233.914 279.897 
2561 259.847 309.052 234.201 331.7 
140 -80 0 0 0 
2304 290.096 298.092 366.545 140.784 
3332 185.329 172.637 361.691 187.08 
3589 144.319 268.283 266.216 347.857 
2818 220.036 400.73 252.016 213.794 
3075 168.437 189.49 312.957 304.979 
3846 166.565 72.7276 65.4956 227.85 
322 266.787 273.765 359.374 336.491 
836 264.281 418.654 189.469 79.8523 
35 255.746 0 0 0 
576 291.996 275.339 287.929 325.165 
2122 212.099 257.917 382.659 263.802 
1040 255.318 257.347 317.085 240.416 
2068 319.946 324.798 263.944 282.824 
2636 222.478 314.265 141.51 220.86 
1554 241.222 264.112 194.295 268.88 
1160 421.032 305.383 302.892 259.145 
3089 185.96 231.883 266.342 308.848 
384 290.112 329.894 250.485 300.228 
641 267.149 320.96 287.215 410.944 
1676 355.416 232.045 62.9502 218.179 
3840 112.407 137.546 208.108 78.2621 
528 335.441 279.327 239.731 272.617 
2584 211.625 336.99 224.338 254.467 
1556 291.3 238.614 150.06 246.855 
2124 269.449 327.53 272.422 259.526 
1042 351.248 230.76 364.378 273.957 
1064 419.763 283.977 350.568 298.703 
291 287.052 261.971 291.481 275.447 
832 442.512 211.467 212.11 162.976 
2117 299.587 342.731 301.236 406.853 
837 289.075 293.353 154.931 132.817 
296 401.924 279.31 273.301 238.139 
394 305.743 268.515 347.082 387.788 
580 260.369 384.599 255.95 261.297 
771 192.252 124.379 267.081 0 
1312 256.3 149.067 346.166 401.643 
2881 222.05 282.508 164.077 128.596 
2340 250.262 278.333 355.771 189.053 
1542 280.307 247.128 193.501 257.211 
2624 101.462 345.257 223.68 242.581 
2083 200.244 322.375 319.9 351.255 
3368 105.667 123.504 292.717 72.6893 
2627 193.643 278.55 307.473 336.076 
1545 395.013 307.191 225.352 307.399 
2086 302.518 354.935 267.574 192.787 
517 265.711 310.536 278.15 313.863 
1058 337.129 230.025 253.736 264.71 
532 267.699 346.973 194.716 269.032 
1560 395.186 186.92 124.533 276.58 
524 323.752 364.771 266.521 343.588 
1065 319.579 290.774 302.508 417.254 
2819 122.646 198.056 218.781 233.53 
3360 140.899 155.013 342.848 178.982 
533 310.097 350.801 232.14 307.35 
529 259.92 289.491 271.848 297.805 
1043 300.457 309.911 408.378 309.694 
536 359.053 290.839 265.055 282.499 
2565 231.842 462.132 209.34 314.906 
3106 210.789 210.535 367.57 260.48 
1290 350.647 159.436 384.794 312.654 
2372 273.446 318.768 266.618 167.892 
1922 354.521 125.585 269.382 224.05 
840 332.228 262.597 164.054 146.039 
841 210.053 275.212 0 153.27 
300 375.513 328.687 298.605 165.056 
290 300.788 244.717 326.743 239.106 
3609 324.827 0 160.04 0 
904 381.376 266.807 204.846 165.69 
1418 252.242 153.449 331.016 188.992 
1161 376.625 348.974 267.909 330.56 
516 284.244 422.693 255.456 284.092 
1057 266.71 283.261 301.516 354.122 
2626 218.434 327.235 212.321 298.716 
1544 422.985 112.262 218.955 303.266 
2085 305.888 365.792 290.587 366.612 
642 251.902 375.334 229.128 312.33 
74 244.009 0 0 0 
1156 253.019 251.705 322.151 249.032 
3090 229.803 201.528 359.694 320.383 
385 253.945 246.242 344.995 207.261 
3097 143.682 119.979 288.308 340.654 
392 309.93 283.744 317.156 219.105 
838 270.115 401.558 135.706 0 
297 293.234 254.607 277.926 269.597 
1920 343.58 233.687 214.254 194.684 
1540 258.908 268.678 175.984 315.042 
2081 228.666 332.684 240.967 347.975 
1797 258.707 235.14 157.993 169.052 
2338 210.425 268.223 369.35 300.143 
1412 255.614 232.883 347.97 265.864 
330 358.57 263.369 332.081 311.701 
1060 286.476 190.416 259.459 255.252 
289 301.389 293.06 282.814 239.726 
2629 164.491 355.194 277.055 356.359 
2088 250.514 252.428 302.892 242.859 
1041 355.008 225.187 258.312 444.586 
1066 311.174 283.269 360.905 273.022 
324 269.698 271.608 265.638 214.434 
2564 219.946 384.393 289.131 241.135 
3105 164.501 180.952 236.722 316.385 
1044 245.492 209.248 286.743 249.455 
578 266.844 230.359 205.59 290.001 
321 247.97 306.322 250.786 162.336 
1045 283.409 205.214 295.266 290.591 
