1158 264.159 0 0 0 
1157 210.56 0 0 0 
1417 273.084 0 0 0 
1068 239.678 0 0 0 
2121 154.718 0 0 0 
3368 0 0 0 238.909 
531 252.878 0 0 0 
1929 254.862 0 0 0 
3340 105.757 0 0 0 
68 156.552 0 0 0 
2579 110.212 0 0 0 
650 271.318 0 0 0 
3849 0 0 0 0 
300 0 0 0 192.175 
841 244.652 0 0 0 
323 303.166 0 0 0 
2369 108.234 0 0 0 
579 278.572 0 157.979 0 
3094 107.61 0 0 221.631 
1673 356.037 0 0 0 
1924 211.323 0 0 200.633 
3590 223.492 0 0 0 
2346 251.966 0 0 0 
1052 188.328 271.771 0 0 
643 235.166 0 0 0 
2072 169.83 302.441 0 0 
2578 202.923 0 0 0 
3366 0 156.36 0 0 
534 215.778 0 0 0 
3096 65.7038 0 0 281.087 
3084 104.09 0 0 0 
2067 154.203 0 0 268.385 
2376 176.348 0 0 0 
2572 -36 201.801 153.197 0 
3604 84.8141 167.914 0 0 
3596 -44 174.121 0 0 
2632 0 0 0 299.082 
898 0 0 0 39.7973 
321 302.086 242.864 255.297 0 
16 114 0 192.819 0 
2344 155.903 0 0 0 
1562 324.135 0 0 0 
3364 0 0 165.817 0 
3108 184.169 0 250.512 0 
3845 76.4577 0 0 0 
1554 209.202 207.566 0 0 
3852 129.933 0 0 0 
5 103.244 0 0 0 
1556 0 216.715 0 296.611 
1155 292.362 0 0 0 
649 366.61 0 0 0 
1050 287.122 0 0 0 
2570 0 0 241.319 0 
1316 250.617 0 188.859 0 
774 303.651 290.513 52.175 117.883 
1555 225.312 0 0 0 
1043 188.47 0 0 0 
2828 96.3923 0 0 0 
1418 352.193 0 0 0 
1665 261.764 0 98.1626 361.434 
32 0 143.88 0 191.837 
1066 321.643 0 0 0 
294 0 0 0 256.445 
3587 81.6734 0 188.012 0 
2120 260.865 0 313.134 0 
1561 0 170.766 0 0 
1558 0 0 153.603 0 
3594 133.699 0 0 0 
1162 288.397 235.053 0 0 
585 374.554 0 302.285 0 
1322 342.758 108.368 0 0 
293 0 0 199.547 0 
834 245.104 0 0 0 
2316 -80 272.616 272.698 177.797 
2380 -42.4 0 0 0 
1324 253.358 0 0 0 
1409 290.372 0 0 0 
329 266.867 0 0 0 
2117 264.079 0 0 0 
128 74.1193 0 176.676 0 
578 271.657 0 0 232.258 
1161 317.021 0 0 326.074 
1156 37.9636 0 0 308.654 
1041 309.204 194.093 0 168.675 
1928 329.871 0 0 0 
1672 342.25 133.848 0 306.098 
533 245.688 0 191.347 336.002 
2070 202.142 0 0 275.604 
1804 343.077 67.7237 196.736 0 
778 301.138 245.379 79.0429 22.4775 
64 196.1 25.4987 0 0 
897 364.535 0 0 0 
3331 163.586 0 345.238 0 
1668 129.191 204.228 0 0 
9 25.5469 0 0 216.978 
3078 175.602 0 296.742 0 
537 399.631 0 0 0 
3846 43.5305 0 0 0 
1049 0 254.063 260.113 368.827 
288 274.497 326.5 243.129 233.472 
2066 278.575 279.767 363.452 290.149 
1065 429.692 0 0 0 
524 270.187 70.4134 223.976 255.514 
1552 255.993 171.083 235.214 260.981 
10 82.6299 0 0 50.3862 
2580 136.459 0 93.1232 0 
3608 160.556 -80 0 0 
1312 364.166 184.086 212.344 260.767 
2881 196.201 0 0 0 
2340 -31.6983 267.421 327.656 0 
1542 272.552 0 0 296.711 
2083 85.9432 0 0 0 
2624 166.43 262.465 224.649 269.984 
2817 222.215 279.056 163.083 225.293 
3074 166.831 178.677 382.985 238.284 
2560 246.249 213.128 180.715 260.073 
3588 186.188 116.75 225.881 288.372 
3077 180.312 0 0 320.064 
1792 359.059 86.9152 170.877 118.346 
2049 231.416 241.3 336.229 378.54 
2306 304.826 291.279 400.478 304.122 
3334 137.292 268.15 317.95 251.634 
3848 224.87 91.0344 7.50306 0 
1666 200.949 0 0 0 
584 368.721 0 306.417 0 
2068 273.175 458.412 250.176 262.914 
2122 128.855 0 0 0 
1040 245.873 227.287 295.003 234.273 
3592 239.225 147.382 163.122 230.329 
1793 144.333 68.1095 143.162 125.492 
2050 250.065 319.65 415.936 264.116 
1536 271.173 177.872 149.716 340.728 
3105 -2.70388 144.354 175.547 390.599 
2564 202.094 194.566 244.755 326.186 
2307 203.179 0 161.997 82.0038 
3362 186.472 0 403.411 0 
2821 147.713 0 118.343 175.534 
1539 313.243 125.988 202.172 0 
2080 288.626 274.885 275.953 250.216 
576 271.264 274.491 267.592 259.429 
3329 130.099 104.255 248.299 138.793 
908 270.897 0 0 0 
3072 159.945 173.148 254.162 301.333 
3586 128.155 202.167 0 107.175 
3075 139.291 158.421 247.385 164.291 
2304 201.027 307.384 259.343 161.315 
2561 218.09 244.657 264.096 362.718 
3332 184.126 168.259 266.693 214.427 
2818 162.111 321.033 74.8373 101.502 
3589 183.038 85.6774 -37.508 0 
3112 -80 154.784 224.448 0 
515 281.052 283.294 221.699 235.653 
1056 271.306 236.847 295.445 270.585 
1553 -20.3844 211.501 233.214 414.52 
268 267.681 225.532 262.553 226.653 
2581 185.794 0 0 0 
2569 238.139 222.324 0 387.745 
1284 224.255 271.422 272.969 210.104 
513 268.302 301.576 324.879 389.009 
256 269.344 365.609 273.933 251.524 
2312 218.812 248.117 277.098 193.84 
2826 255.815 0 0 0 
1027 255.239 179.689 299.828 55.8443 
770 207.103 243.689 67.3298 34.6226 
3585 213.822 189.61 199.811 300.32 
3842 -80 174.29 284.264 120.078 
1320 377.496 108.195 250.736 144.492 
833 162.214 198.851 0 0 
292 262.872 516.066 229.111 211.649 
2336 180.014 250.744 295.389 207.755 
291 0 0 0 274.908 
832 289.273 328.232 180.887 154.572 
769 194.65 194.859 137.01 143.823 
2568 230.517 198.409 226.759 306.726 
512 265.016 267.778 223.652 263.176 
1026 269.689 216.788 405.096 261.603 
2054 235.901 376.296 269.484 261.654 
3082 -80 -80 349.99 260.231 
1283 292.068 214.26 290.774 173.488 
2112 223.001 253.879 269.953 280.675 
1030 267.604 175.964 352.661 244.315 
2 234.262 247.867 187.386 0 
1057 295.146 191.561 -2.4 0 
516 261.361 399.015 279.332 269.872 
1314 261.44 202.961 251.049 38.5302 
773 0 335.06 93.1735 130.522 
2626 148.417 0 0 0 
2085 377.675 185.305 217.906 266.502 
1544 370.598 260.096 307.647 298.726 
3600 -27.3185 108.116 83.9997 272.43 
2058 181.74 297.82 349.465 232.661 
2342 237.255 0 0 54.5037 
1801 351.128 256.695 298.334 237.47 
259 271.689 269.518 405.912 270.381 
776 313.138 248.581 77.0358 161.173 
262 288.139 286.35 399.789 310.097 
2115 0 325.459 0 0 
1033 341.569 318.434 284.958 402.039 
2372 0 386.007 268.234 279.978 
1290 331.826 236.125 306.377 66.7738 
1538 241.263 113.618 224.444 271.989 
1024 266.094 217.925 260.398 270.705 
1281 274.054 147.372 231.035 205.886 
3080 145.96 138.648 341.111 206.353 
2052 282.084 379.07 302.931 317.03 
3107 156.532 0 0 0 
2566 -49.6111 274.996 0 292.604 
2309 217.478 289.279 191.002 0 
3337 201.105 0 0 0 
640 261.445 238.749 240.69 288.527 
1154 277.914 207.361 322.708 274.628 
2084 316.263 441.78 279.679 308.857 
2625 151.151 262.675 0 418.605 
320 240.306 319.564 265.306 199.272 
36 0 166.371 0 0 
577 323.035 244.345 288.475 366.235 
1664 262.07 194.944 197.429 246.546 
298 194.448 280.127 0 0 
1921 229.17 0 0 0 
1062 215.554 0 0 0 
521 317.823 254.198 315.9 398.334 
264 372.112 235.033 250.168 236.128 
2374 0 0 0 286.115 
1292 412.9 217.475 258.093 0 
2577 188.68 0 135.799 353.231 
1537 247.682 196.453 166.322 367.496 
1794 343.426 178.409 74.1529 73.8139 
3106 172.737 204.156 343.044 129.314 
2565 208.157 300.41 273.031 329.995 
1280 261.758 245.948 314.924 155.166 
2308 155.973 395.631 254.317 192.69 
2051 219.245 279.321 364.056 360.758 
3336 155.025 166.486 173.567 32.0036 
2822 -8.37715 362.149 -80 23.1356 
3593 192.396 0 0 395.45 
257 309.384 251.869 254.985 229.997 
514 256.462 271.385 235.968 240.58 
1028 50.6849 238.309 274.825 251.481 
2056 221.59 336.475 261.331 266.668 
1285 56.3068 0 0 0 
0 223.274 247.714 248.386 162.334 
2313 0 0 0 -5.1532 
3330 262.395 143.765 351.062 133.231 
3073 191.781 175.355 240.721 421.508 
652 297.922 0 0 0 
2816 183.126 270.832 195.603 178.398 
3844 148.294 0 50.0591 0 
3076 157.269 139.777 254.52 251.167 
2048 258.292 319.679 296.914 288.513 
2305 217.699 297.193 249.523 196.32 
2562 153.455 257.824 238.987 239.104 
3333 -69.6544 94.0331 0 0 
1420 308.729 0 0 0 
3584 260.072 145.678 167.913 245.444 
3841 203.696 201.717 0 33.5744 
2114 260.506 238.148 362.97 227.813 
1032 318.514 300.373 288.88 285.531 
2628 120.604 370.814 298.777 258.2 
1546 366.631 306.842 0 168.594 
3088 193.643 152.597 246.022 315.477 
518 266.681 280.099 224.837 261.525 
2371 173.473 0 0 0 
1289 327.553 108.368 258.27 311.947 
261 299.56 0 244.817 0 
4 -4.8 348.972 89.8278 0 
2060 144.901 254.52 200.847 294.783 
258 259.051 322.111 350.728 312.328 
1313 298.989 0 0 0 
772 224.173 349.387 185.177 124.494 
2882 135.236 0 0 0 
1800 363.071 269.504 94.6897 200.212 
2314 222.962 0 343.837 301.959 
1029 0 -40.6491 300.067 397.775 
2368 190.056 315.904 237.729 198.4 
1286 252.315 229.023 0 0 
2057 204.155 217.342 235.822 390.603 
1 200.477 237.294 0 0 
1160 295.23 250.203 274.321 256.978 
2116 242.984 299.604 284.884 294.553 
1034 451.168 295.674 281.51 252.46 
1061 196.576 0 0 0 
520 367.412 352.169 219.59 274.724 
1548 288.195 59.0909 141.136 245.189 
2576 213.622 258.348 208.737 251.994 
777 315.459 0 93.0003 0 
6 -4 130.362 0 0 
260 265.783 409.904 258.324 219.054 
2627 148.715 0 0 0 
2086 308.813 0 0 0 
1545 369.096 275.008 140.189 290.342 
780 54.8045 154.38 158.61 172.697 
266 351.948 299.435 339.781 325.273 
2065 213.402 273.051 251.259 0 
2337 102.563 0 0 0 
1796 267.86 162.748 226.963 175.828 
768 309.064 263.377 137.587 162.359 
2053 303.347 311.992 288.391 378.77 
1282 277.091 297.007 396.829 307.854 
2824 234.872 294.418 153.677 214.222 
1025 318.626 243.227 361.054 397.962 
2310 143.573 402.003 298.291 136.997 
3338 123.591 0 240.664 277.966 
3081 -80 0 205.725 315.301 
1042 239.988 0 416.049 196.833 
528 319.079 263.73 211.422 259.599 
2584 -80 238.214 0 0 
2064 219.014 339.3 253.402 331.478 
2118 247.768 0 0 292.583 
1036 354.036 252.69 271.623 232.563 
522 370.285 210.307 198.577 309.509 
265 386.803 236.19 81.589 0 
8 345.876 273.13 -1.35583 300.169 
387 0 251.151 0 0 
3092 76.4577 -69.6544 293.074 0 
3840 28.2801 78.1945 77.6576 181.886 
1152 258.878 222.69 289.675 375.111 
644 136.31 330.49 0 337.038 
532 267.601 0 160.566 176.137 
1560 346.29 118.53 184.014 264.685 
1540 232.08 228.222 141.469 270.114 
2081 0 268.883 223.839 374.649 
1797 317.823 0 0 0 
2338 163.732 257.864 0 25.8961 
2563 123.459 226.886 -80 419.533 
3104 177.01 94.209 238.386 193.968 
1048 383.867 354.564 304.868 252.836 
2820 229.077 364.236 162.53 192.628 
3361 109.969 0 0 0 
641 242.999 288.928 356.161 327.793 
3089 183.185 90.0794 161.374 0 
384 255.806 283.594 284.189 259.48 
1064 333.529 277.864 286.125 285.314 
530 282.586 254.237 204.204 0 
1044 77.0158 0 299.782 0 
290 285.379 285.345 415.274 249.654 
388 255.141 298.653 316.248 0 
1416 385.875 166.604 284.961 0 
645 120.026 0 0 332.034 
837 234.282 0 0 0 
296 333.841 206.144 186.553 251.652 
326 209.878 341.952 0 0 
1408 344.51 184.618 232.739 236.085 
1153 188.852 277.451 16.0045 330.353 
3601 104.463 171.814 0 0 
896 258.161 264.576 134.253 179.066 
1920 312.144 205.523 212.617 -24.7449 
529 260.523 304.155 292.824 328.356 
1922 209.395 0 0 0 
840 422.328 265.072 132.542 0 
324 244.812 420.081 166.729 196.869 
642 183.395 0 135.801 307.511 
3090 139.485 103.766 331.26 268.198 
385 242.284 0 0 0 
2629 226.997 244.126 0 0 
2088 298.23 0 0 0 
1060 277.785 0 0 0 
289 265.575 0 0 0 
581 227.694 0 0 0 
40 7.04 0 0 0 
392 309.23 240.638 207.779 229.923 
580 238.212 394.026 0 273.174 
322 249.674 282.804 322.137 282.707 
836 298.432 300.453 146.778 210.707 
900 279.511 0 113.751 66.6415 
386 261.807 309.816 373.965 317.163 
1410 265.191 171.506 392.275 157.939 
328 385.723 251.597 0 256.711 
536 373.971 296.937 257.645 281.889 
2113 238.529 229.77 261.718 438.119 
1802 283.677 0 132.113 59.1646 
2884 96.9413 370.299 0 140.155 
1288 323.06 151.852 349.144 213.698 
2370 231.292 279.828 227.002 286.933 
3328 179.917 160.674 270.169 224.997 
1164 18.2734 0 0 0 
1798 187.699 0 0 0 
2880 8.86159 260.402 198.16 130.517 
648 408.097 270.291 187.774 278.364 
588 159.88 0 0 0 
517 253.922 382.53 327.011 307.288 
1058 293.317 167.311 262.859 181.638 
1541 259.642 230.668 204.071 330.244 
2082 214.678 269.7 -2.4 252.115 
540 0 368.721 0 0 
1412 0 327.734 243.438 0 
330 387.429 0 0 0 
394 353.97 0 0 221.178 
904 374.313 0 0 -24.7449 
390 279.357 0 370.147 0 
2819 71.189 0 0 0 
3360 205.898 162.617 347.758 0 
1414 223.256 0 0 0 
332 228.57 0 0 0 
2069 0 0 246.503 325.379 
