133 171.669 0 0 0 
2377 238.087 0 0 0 
2346 0 276.478 0 0 
3612 0 0 0 0 
1413 201.802 0 0 0 
2586 0 0 220.445 0 
20 293.336 0 0 0 
901 203.29 0 0 0 
1932 229.343 0 0 0 
3084 187.677 0 0 0 
136 270.246 0 0 287.363 
28 60.0102 0 0 0 
17 219.96 0 0 0 
1417 350.724 0 0 0 
2074 265.45 268.682 0 0 
902 204.833 338.027 0 101.169 
2380 327.185 0 0 0 
2378 268.786 0 0 0 
1669 245.505 0 0 0 
134 126.749 0 0 0 
34 374.087 0 0 0 
2889 207.351 0 0 0 
2348 387.543 0 0 0 
2076 359.967 0 239.087 0 
3843 0 0 0 0 
325 285.5 0 0 0 
24 419.002 0 235.07 151.696 
1562 354.592 0 0 0 
1564 320.712 0 0 208.336 
3372 178.009 0 0 0 
2892 252.653 0 0 0 
646 269.503 0 0 267.745 
650 355.819 0 249.164 0 
1929 0 0 0 361.852 
588 366.346 0 0 260.086 
129 288.917 0 0 0 
3845 0 0 132.951 261.336 
1674 385.34 111.512 0 224.988 
3368 227.869 150.602 396.244 0 
1052 379.946 323.957 0 0 
1155 265.936 0 380.969 0 
3114 91.9483 0 0 0 
1555 219.269 0 286.238 0 
3340 174.915 0 0 0 
393 303.077 0 281.484 0 
3098 110.228 0 0 0 
1045 276.847 0 237.504 0 
3364 117.637 297.733 201.022 180.048 
3846 46.8056 0 0 152.029 
2888 0 263.548 0 0 
3590 116.54 304.786 0 221.35 
18 232.723 0 0 0 
2585 0 0 295.696 0 
538 470.487 273.228 175.971 281.846 
2579 234.391 0 346.569 0 
68 251.826 0 0 220.038 
3337 169.323 132.833 0 22.5904 
3366 0 309.998 0 0 
2825 170.957 327.26 160.063 191.943 
2369 201.722 0 331.7 179.444 
905 357.75 0 0 0 
1322 411.805 253.977 303.783 291.454 
3850 151.278 0 233.101 0 
1043 0 241.434 372.578 0 
3849 0 42.0774 223.873 0 
9 263.509 291.11 163.53 336.794 
65 0 0 212.137 312.097 
3852 114.425 0 0 169.276 
389 254.761 0 291.013 0 
3094 85.0444 0 394.991 0 
3608 259.771 0 0 294.516 
1161 406.033 241.02 326.121 304.622 
844 413.781 263.22 0 106.447 
3331 162.754 250.354 398.398 241.341 
842 366.836 0 0 0 
1924 372.952 175.241 0 129.73 
1418 303.949 158.851 334.402 278.32 
5 271.132 190.544 0 0 
3 129.02 304.265 0 0 
2588 260.821 326.774 129.111 0 
540 427.649 305.814 189.349 312.995 
2581 211.652 377.542 187.52 313.607 
643 308.527 242.281 262.355 0 
293 255.121 295.444 0 0 
834 381.668 0 111.745 123.449 
906 305.07 0 0 0 
2632 246.285 266.846 168.522 0 
2582 313.941 0 0 0 
1316 233.052 286.025 271.722 203.011 
649 391.921 257.024 265.708 0 
2636 373.662 0 0 0 
1554 313.614 0 236.582 250.658 
329 463.397 0 0 219.816 
1411 318.624 0 0 0 
841 388.101 0 0 81.7093 
300 341.854 251.551 285.57 0 
3108 0 168.862 273.288 279.374 
530 272.707 371.694 230.025 266.614 
2633 152.048 0 0 0 
2092 260.923 373.587 271.126 278.793 
3604 140.55 190.445 135.641 283.856 
1673 326.335 0 0 287.212 
387 323.522 241.573 373.459 0 
3092 129.17 183.613 141.435 217.382 
3596 323.346 0 0 242.146 
12 360.836 278.199 182.385 0 
2376 193.758 0 319.893 143.142 
16 284.451 0 320.558 156.386 
130 0 0 0 192.302 
64 210.836 0 248.198 0 
2090 173.912 0 310.227 0 
1324 407.359 0 0 0 
2886 259.054 0 98.2956 0 
1804 396.617 269.19 91.4352 208.776 
2344 219.901 328.061 222.015 171.03 
2067 237.108 0 0 0 
2069 269.148 380.474 286.872 248.892 
1667 351.231 0 0 0 
585 301.916 304.492 335.242 358.775 
128 88.8805 112.817 217.058 284.155 
33 322.784 0 0 0 
10 346.765 233.524 315.959 0 
1049 379.489 289.111 269.027 320.321 
533 292.631 343.425 279.75 384.741 
2072 235.158 303.672 294.315 276.675 
1414 255.08 194.077 0 0 
332 375.637 330.88 252.195 0 
2117 289.345 341.528 298.224 301.393 
1921 263.238 156.514 0 192.43 
298 392.401 275.529 283.625 272.804 
2826 0 0 193.656 190.814 
537 381.554 295.767 257.619 320.295 
2313 271.239 250.613 0 0 
1050 330.563 360.156 383.08 284.597 
3594 182.632 136.42 229.372 256.626 
578 269.634 262.523 271.317 245.887 
1557 273.104 0 0 0 
3587 148.894 144.62 -2.78403 88.5291 
3603 149.239 0 0 0 
898 260.234 285.328 0 -35.6033 
289 256.577 268.891 321.131 236.624 
3602 201.894 165.606 0 0 
897 0 335.136 146.001 115.405 
2584 218.61 0 207.845 317.434 
1928 391.457 286.181 247.359 200.948 
3112 148.766 126.264 291.121 203.285 
2570 231.043 185.183 189.109 312.526 
1046 332.458 0 0 0 
1060 348.375 224.227 274.241 222.917 
1068 387.672 302.589 287.598 232.694 
531 292.041 0 0 0 
2821 122.177 381.699 132.844 196.907 
3362 164.873 157.206 398.492 305.235 
1044 297.343 235.804 248.837 254.956 
2578 218.295 278.711 228.149 256.912 
6 237.662 190.23 273.956 226.993 
390 297.709 435.11 316.81 307.851 
642 400.219 273.746 255.71 250.037 
1561 387.747 177.279 180.471 298.369 
2073 222.767 0 0 352.46 
294 293.037 324.13 323.424 271.876 
261 269.292 354.418 281.031 235.076 
3096 169.818 168.301 0 280.86 
323 144.799 226.48 365.632 294.77 
72 0 0 0 297.382 
1154 319.014 322.281 362.709 282.377 
3078 190.883 197.178 411.014 234.755 
4 209.907 216.262 308.118 188.847 
1801 336.528 291.728 123.361 276.515 
2342 290.758 402.083 280.67 151.853 
773 298.75 364.959 153.107 202.29 
1314 339.806 209.658 313.481 220.328 
2572 336.336 429.496 128.947 270.224 
3113 12.7236 0 218.117 0 
36 230.904 181.749 0 0 
577 322.304 273.364 291.39 397.382 
320 321.074 395.483 306.93 233 
2088 220.568 236.366 247.339 341.408 
2629 197.034 298.625 269.053 360.132 
1 159.188 276.809 63.9632 357.335 
2057 234.596 253.575 257.419 386.027 
1029 268.178 278.33 281.749 303.462 
258 268.396 256.442 277.986 376.195 
1313 300.859 199.772 294.56 237.812 
772 298.644 386.498 175.317 221.04 
2341 202.48 0 0 185.934 
2882 239.861 293.622 93.758 117.235 
1800 393.041 259.117 143.273 197.256 
2828 257.675 364.873 185.994 144.801 
2314 276.352 278.614 421.111 274.856 
0 365.066 248.621 222.067 198.262 
257 358.275 279.589 283.885 245.285 
1285 357.114 259.69 281.62 305.784 
514 259.17 267.743 239.286 257.948 
1028 278.069 253.616 265.181 255.394 
2056 253.97 277.777 300.891 304.107 
1064 375.676 287.117 326.689 282.624 
1286 306.715 250.559 387.914 331.526 
2368 145.288 272.122 262.382 215.705 
2113 259.446 277.415 253.923 416.395 
1795 317.098 0 0 0 
2336 185.19 296.019 275.667 243.087 
1066 316.748 340.104 309.761 298.635 
641 322.662 305.895 233.824 404.498 
576 272.111 284.354 240.672 285.268 
1665 277.052 205.886 169.753 456.325 
1281 279.804 246.366 300.636 243.438 
1024 256.738 212.257 327.499 255.914 
3080 166.197 192.857 226.05 291.821 
2052 320.12 395.694 292.408 254.551 
1538 212.072 207.135 228.036 276.735 
2309 182.723 395.148 257.6 219.923 
3107 176.54 171.639 0 0 
2566 193.042 316.12 210.561 278.382 
837 237.003 0 0 0 
296 378.392 277.646 267.287 274.305 
771 252.236 0 0 0 
1312 323.527 204.318 327.92 229.004 
1542 264.7 174.514 94.9613 244.811 
2624 217.737 251.069 223.727 329.396 
2083 0 279.575 295.915 389.562 
2881 238.673 0 0 142.516 
2340 169.426 427.736 272.899 195.86 
3586 131.196 191.617 215.713 310.384 
3329 194.457 200.454 332.314 267.756 
3365 154.25 0 0 0 
2824 215.782 361.167 210.245 213.317 
3081 148.07 110.287 246.684 389.538 
768 348.183 260.816 171.875 195.104 
1025 300.998 276.307 326.613 414.295 
2337 207.162 301.84 273.783 0 
1796 294.264 164.416 178.907 164.962 
1282 260.754 157.499 256.489 217.933 
2310 178.469 317.1 335.942 265.599 
2053 308.885 364.589 291.867 322.004 
3338 174.233 203.014 376.779 167.074 
2080 214.352 283.401 241.19 285.631 
1539 294.095 197.195 278.79 302.465 
1537 294.19 283.867 270.581 410.647 
3363 154.636 0 0 0 
2822 278.512 367.43 287.13 183.096 
1794 291.087 184.586 128.547 230.445 
1280 271.371 245.524 281 194.152 
2308 242.723 373.26 323.358 310.343 
2051 262.999 293.917 291.553 288.982 
3336 248.513 156.214 219.615 211.602 
3593 218.017 85.6112 166.808 408.542 
3073 203.178 171.81 297.363 337.079 
3330 214.512 165.423 284.282 288.795 
652 339.929 295.698 0 264.828 
2816 60.6959 296.162 175.223 259.077 
3844 93.8415 90.7489 83.6776 48.6251 
1156 253.459 245.682 305.642 217.58 
3090 199.863 153.973 300.773 285.896 
385 427.304 273.719 219.372 239.688 
2115 229.167 221.257 0 388.526 
1033 337.239 352.861 277.497 357.325 
1317 255.875 0 0 0 
776 353.902 253.024 204.766 223.389 
262 258.477 397.515 320.634 324.681 
2372 202.056 320.602 259.847 181.942 
1290 383.659 282.963 307.532 204.53 
384 267.775 262.06 321.641 278.102 
3089 200.766 215.998 309.712 288.997 
1160 309.323 275.358 290.673 288.142 
132 -80 165.812 0 0 
2049 230.977 284.944 283.815 288.708 
3361 0 0 367.35 230.429 
2820 304.238 365.693 179.161 283.606 
2306 172.483 270.29 291.994 216.315 
1792 270.225 195.948 187.911 212.902 
3848 92.5866 101.265 196.08 94.6357 
3077 150.148 139.128 207.437 370.47 
3334 182.745 168.673 377.73 127.453 
1793 326.192 248.095 196.712 257.922 
2050 215.709 259.911 263.787 257.665 
1536 350.015 224.461 187.532 253.99 
3592 257.469 196.03 144.283 276.416 
2307 169.221 315.674 265.011 250.412 
260 295.652 357.237 295.507 266.011 
2370 244.268 298.576 386.605 168.413 
1288 311.624 258.12 268.352 177.791 
1315 262.991 0 0 0 
774 282.889 393.042 171.659 135.116 
2884 314.149 366.603 213.384 187.53 
1802 318.346 95.6141 217.737 169.831 
2627 218.438 0 282.299 0 
2086 290.582 385.826 0 317.733 
1545 343.408 247.958 268.387 320.349 
2316 287.118 373.418 287.753 210.687 
3585 183.966 179.987 227.184 389.333 
3842 159.268 20.7761 308.945 143.303 
2 296.044 312.678 465.929 373.356 
1057 285.051 272.755 309.66 371.921 
516 259.804 350.59 267.249 287.321 
2058 224.321 290.199 373.692 319.072 
2626 239.761 0 265.511 295.6 
2085 277.096 360.542 275.577 468.565 
1544 354.437 239.81 350.683 335.235 
3600 159.573 208.669 172.858 400.802 
2112 253.631 359.789 262.186 273.519 
1030 283.508 229.472 344.814 273.255 
259 301.369 258.353 399.059 320.892 
256 255.22 275.447 253.209 218.011 
770 265.458 267.335 271.86 126.909 
513 282.9 294.006 276.101 363.135 
2312 211.867 254.551 277.826 191.651 
1284 274.031 230.435 325.734 254.614 
1027 290.292 292.868 394.242 366.689 
8 417.694 269.514 289.193 253.964 
2064 279.278 280.088 280.833 275.128 
2118 323.081 346.812 342.689 265.781 
1036 402.584 339.606 318.956 274.787 
265 439.077 282.014 276.802 230.18 
522 343.837 256.698 237.064 255.64 
640 283.83 332.989 281.046 288.503 
586 324.689 0 0 0 
1668 270.324 246.1 182.358 278.97 
70 0 0 270.193 0 
1152 296.347 314.262 331.934 284.245 
1409 289.764 122.085 285.852 246.323 
644 268.139 309.881 245.539 267.987 
1672 383.181 259.654 161.525 279.625 
1158 327.824 0 0 0 
512 260.756 318.189 245.67 254.496 
769 279.83 300.348 227.163 218.109 
3109 0 126.334 0 0 
2568 268.819 269.138 224.018 319.488 
1026 267.483 236.777 280.61 256.294 
2054 279.141 354.92 319.251 310.364 
1283 304.816 183.416 390.425 273.611 
3082 196.783 233.632 302.95 300.139 
2371 191.523 0 0 0 
1289 385.747 277.715 300.551 208.835 
3088 109.531 215.586 289.924 147.556 
1059 0 223.638 0 363.737 
518 299.798 382.798 266.114 276.48 
2060 259.661 325.015 254.252 306.831 
2305 156.467 258.482 332.176 186.116 
3076 149.672 146.413 230.31 275.356 
2048 230.136 253.732 364.539 251.275 
2562 245.01 297.796 258.235 261.67 
3333 57.5469 177.799 0 122.176 
3601 188.918 218.715 171.773 418.712 
896 319.61 270.946 158.145 181.063 
1153 294.871 221.101 265.523 411.58 
1420 374.16 0 0 0 
3584 171 244.007 174.513 301.57 
3841 39.2399 210.722 48.2225 244.129 
1552 262.4 253.156 238.714 276.14 
1065 297.73 311.017 272.433 388.258 
524 406.375 352.614 279.974 307.114 
2580 296.015 383.092 147.841 315.825 
2066 311.65 325.898 401.035 281.507 
3074 233.391 151.224 304.756 254.406 
3588 242.989 247.954 84.5069 287.252 
396 372.17 0 212.991 229.319 
2560 209.684 268.734 204.693 277.067 
2817 97.1091 272.574 192.859 236.561 
515 275.767 290.154 326.441 426.674 
1056 288.591 265.827 276.909 325.021 
2625 269.576 282.462 291.482 305.944 
2084 305.457 355.334 312.974 246.904 
264 329.364 270.128 266.997 269.457 
1062 304.759 0 0 204.798 
521 347.634 283.957 326.764 404.005 
2577 272.597 275.941 226.426 361.794 
2374 269.437 285.503 352.635 152.806 
1292 388.331 192.721 258.837 226.201 
778 314.534 272.547 109.081 199.414 
1061 274.799 0 0 0 
520 424.821 278.767 326.714 321.563 
2576 157.753 273.532 268.647 306.862 
2630 194.127 0 0 174.763 
2089 215.296 260.596 0 0 
1548 396.488 237.406 287.765 265.434 
1318 0 0 319.784 188.636 
777 381.09 291.066 102.754 172.933 
140 -23.9898 0 0 0 
2304 215.802 262.331 280.52 240.287 
2818 211.836 269.592 266.294 182.482 
2561 233.46 266.526 219.502 461.682 
3332 157.837 206.071 283.486 182.661 
3075 205.641 219.768 397.427 305.453 
3589 199.073 200.706 180.472 411.817 
266 357.57 291.663 332.239 311.294 
2065 260.692 309.422 253.047 381.004 
1321 319.85 0 0 0 
780 419.299 216.48 167.564 231.493 
2068 291.724 399.874 325.097 350.41 
532 303.916 354.249 238.195 278.141 
1560 375.67 199.745 242.995 287.216 
1048 438.235 371.092 315.196 291.985 
2563 206.674 292.898 260.112 418.478 
3104 175.435 150.902 297.998 249.778 
534 0 377.104 0 0 
288 258.909 278.235 360.338 227.597 
836 292.716 313.091 187.784 185.687 
322 322.709 274.539 403.101 315.592 
579 291.582 261.619 0 432.031 
2121 272.24 0 0 0 
528 303.7 285.65 231.179 257.124 
2124 266.674 0 261.085 0 
1042 282.357 263.712 413.827 307.187 
1556 274.951 166.103 134.646 275.863 
2070 268.493 352.225 384.047 304.533 
1157 223.965 0 221.206 409.263 
3605 159.963 0 0 0 
900 272.221 374.487 165.788 193.648 
3091 243.041 0 0 0 
386 304.229 276.538 361.938 318.57 
1540 275.026 357.615 218.421 293.047 
2081 244.224 304.961 269.505 371.951 
1797 286.717 0 0 264.934 
2338 237.548 320.03 335.678 178.022 
1320 388.286 301.453 263.584 285.818 
833 197.919 270.194 166.227 0 
292 315.124 345.686 326.902 288.336 
1034 405.606 302.651 325.75 275.7 
2116 274.381 351.887 274.445 279.615 
2373 264.552 0 0 0 
1541 296.119 243.529 254.324 273.402 
2082 251.277 287.321 369.478 294.598 
2569 252.063 275.6 167.615 410.067 
3110 -80 116.54 0 273.981 
290 304.69 322.298 330.859 292.035 
268 338.972 328.028 331.489 236.795 
1553 281.864 168.374 224.989 335.029 
1664 269.768 251.202 197.566 280.453 
1676 344.167 0 0 240.4 
3840 116.278 119.99 100.045 125.772 
1162 332.305 0 304.299 254.558 
648 342.196 258.675 237.035 244.306 
580 283.977 342.265 241.046 261.107 
1040 351.773 260.222 266.156 291.864 
2122 236.097 0 0 204.046 
536 474.844 275.341 289.294 269.166 
2565 226.439 368.846 273.09 292.872 
3106 226.632 221.727 381.314 262.057 
2819 188.702 316.706 0 0 
3360 206.449 196.501 334.014 177.687 
3093 164.923 0 0 0 
388 286.774 399.109 323.638 270.226 
645 348.174 310.054 299.238 308.592 
1416 327.859 221.448 274.999 226.971 
291 302.919 0 226.123 0 
832 271.007 301.338 151.151 203.282 
1412 273.5 199.46 318.819 228.125 
330 340.953 289.406 349.326 297.802 
1666 277.583 239.341 147.765 258.706 
584 423.802 286.151 336.942 321.532 
324 280.702 345.995 270.312 259.361 
40 275.336 0 77.866 0 
581 322.521 386.812 322.546 309.61 
32 230.081 284.361 197.072 177.783 
2564 288.716 318.326 258.349 293.895 
3105 135.047 143.062 272.639 333.525 
3097 184.871 156.268 0 0 
392 377.676 267.316 263.102 252.38 
1546 360.985 231.824 272.498 271.673 
2628 332.615 364.179 261.431 328.831 
1032 340.149 254.181 266.986 288.276 
2114 273.689 301.024 318.727 265.612 
1410 334.979 207.195 444.751 258.251 
328 406.549 285.509 277.987 223.291 
2339 121.297 0 0 319.309 
1798 249.458 0 156.474 0 
2880 59.0759 293.363 211.568 187.677 
297 382.298 250.589 0 0 
838 254.682 0 0 0 
1920 318.998 221.232 199.054 227.033 
1922 288.17 86.7199 148.089 195.395 
840 384.06 260.254 208.166 215.386 
1408 324.631 235.694 328.98 160.718 
326 0 315.774 346.007 296.21 
3328 238.72 211.651 298.726 114.37 
1164 349.283 193.647 233.887 0 
529 242.147 290.131 269.226 406.518 
321 230.764 344.68 241.802 235.905 
2120 216.422 261.058 257.44 275.143 
3072 227.414 197.29 264.374 274.891 
908 315.644 0 146.541 155.21 
394 345.899 286.364 384.701 322.338 
1041 274.163 219.413 281.447 270.366 
517 304.006 351.291 310.126 401.129 
1058 291.335 283.279 463.048 248.313 
3609 0 0 0 384.843 
904 337.258 265.014 200.548 167.42 
