2070 98.996 0 0 0 
1804 0 145.566 0 0 
778 0 156.197 0 0 
64 139.349 0 0 0 
897 120.418 0 0 0 
3331 0 0 0 0 
1668 129.191 0 0 0 
9 25.5469 0 0 0 
3078 36.1493 0 0 0 
537 205.373 0 0 0 
3846 43.5305 0 0 0 
1049 0 0 30.8583 0 
288 168.315 151.905 76.2635 115.29 
2066 52.4633 0 0 0 
524 256.589 0 0 157.832 
1552 167.973 0 138.608 92.75 
10 82.6299 0 0 0 
2580 168.04 0 0 0 
3608 0 -80 0 0 
1312 204.075 0 0 0 
2340 -31.6983 212.522 0 0 
2083 85.9432 0 0 0 
2624 125.475 7.92748 66.6452 203.009 
2817 -5.34398 144.671 0 -80 
3074 30.4222 114.567 76.4464 168.563 
2560 101.39 152.582 118.245 166.956 
3588 -80 41.0869 103.867 0 
3077 0 0 0 195.853 
1792 190.227 100.95 27.9637 68.4168 
2049 142.577 149.83 156.872 150.641 
2306 110.988 182.342 177.49 159.469 
3334 8.4717 97.3603 0 0 
3848 105.34 0 0 0 
584 258.779 0 0 0 
2068 122.082 221.128 0 0 
1040 174.786 59.7728 164.179 162.713 
3592 -80 -80 93.21 0 
1793 138.514 -36.0144 -80 100.582 
2050 156.224 155.644 169.185 27.133 
1536 159.728 117.126 56.7184 158.826 
3105 -2.70388 7.79539 0 0 
2564 177.978 275.79 122.009 173.022 
2307 84.4808 0 0 0 
2821 36.9057 0 0 0 
2080 114.351 157.435 0 126.809 
576 178.373 48.8729 69.4597 52.6669 
3329 -10.3987 75.115 166.637 0 
3072 78.1872 1.06805 107.493 152.11 
3586 57.9726 0 0 0 
3075 -51.3584 -1.23802 165.677 0 
2304 101.133 148.757 166.749 135.858 
2561 142.957 157.347 53.3031 194.722 
3332 -85.6544 -80 168.433 59.8987 
2818 -9.89632 207.347 149.897 0 
3589 44.2869 0 0 0 
3112 -80 0 0 0 
1056 115.034 121.968 151.423 171.378 
1553 -20.3844 93.5477 0 0 
268 270.925 0 0 104.356 
2581 36.9057 0 0 0 
2569 -44 0 0 223.457 
1284 149.917 48.3658 117 5.47073 
513 198.753 173.585 174.693 182.23 
256 166.522 149.429 234.002 125.035 
2312 -44 38.3122 164.884 0 
2826 4 0 0 0 
1027 161.98 0 0 0 
770 153.743 234.913 -99.2 0 
3585 53.9707 -29.8249 31.2886 284.486 
3842 -80 0 0 0 
1320 264.175 0 134.971 0 
292 0 288.137 0 0 
2336 -77.8364 291.986 0 -16.9411 
832 167.483 0 0 -2.14803 
769 162.931 188.311 0 -80 
2568 178.659 36.5475 0 0 
512 179.528 165.557 126.458 143.716 
1026 173.371 120.537 168.273 164.309 
2054 133.034 189.432 278.569 170.766 
3082 -80 -80 114.18 0 
1283 195.516 0 0 0 
2112 156.021 63.0575 0 197.941 
1030 -1.65685 126.905 0 0 
2 0.326286 0 239.934 0 
1057 214.101 0 -2.4 0 
516 150.107 210.602 130.29 183.992 
1314 167.988 0 0 38.5302 
773 0 187.612 0 0 
1544 158.669 -47.3887 60.3343 164.027 
3600 -27.3185 0 33.9722 0 
2058 114.848 -4 0 0 
1801 190.787 0 0 0 
259 178.413 0 0 0 
776 242.983 154.99 67.4428 58.1827 
262 136.456 184.124 204.006 233.315 
1033 208.619 197.267 158.324 183.408 
2372 0 185.788 0 0 
1290 151.014 -90.8884 263.69 -6.50279 
1538 161.226 51.9484 -69.3837 117.103 
1024 144.567 115.556 188.333 154.027 
1281 187.686 0 228.047 131.215 
3080 -96 -80 171.059 0 
2052 141.562 53.9459 173.504 181.965 
2566 -49.6111 0 0 0 
2309 -61.1234 305.803 0 0 
3337 0 0 0 0 
640 150.679 169.257 0 243.608 
1154 236.496 35.8689 0 0 
2084 95.9527 214.144 0 105.19 
2625 -27.3185 164.993 0 0 
320 27.4053 0 174.459 174.022 
577 194.335 0 164.353 0 
1664 62.2385 0 65.6994 0 
1921 132.414 0 0 0 
521 190.823 112.323 288.271 182.146 
264 197.294 180.348 160.291 137.019 
1292 226.989 0 0 0 
2577 103.94 0 26.3859 0 
1537 170.373 72.832 59.4396 263.86 
1794 162.465 0 0 -35.9409 
2565 -80.7282 238.96 0 195.723 
1280 157.136 84.1584 208.45 48.8435 
2308 121.889 206.435 189.769 66.5255 
2051 101.698 172.62 128.397 0 
3336 -82.6665 -80 157.726 0 
2822 168.978 0 -80 0 
3593 0 0 0 179.315 
257 260.648 128.129 82.6092 112.845 
514 169.153 150.836 119.599 104.788 
1028 86.0563 94.0819 86.1523 190.614 
2056 106.836 148.386 185.38 168.778 
1285 56.3068 0 0 0 
0 232.53 35.4972 58.0024 288.617 
2313 0 0 0 -5.1532 
3330 84.5937 -12.1409 226.595 -93.721 
3073 70.7819 88.2006 134.193 218.33 
2816 20.628 209.261 44.956 54.1585 
3844 36.9057 0 0 0 
3076 -80 -85.6544 105.797 169.269 
2048 96.6028 179.781 128.458 169.088 
2305 72.9838 162.509 150.068 115.518 
2562 -49.7783 188.057 152.861 163.136 
3333 -69.6544 0 0 0 
3584 3.81496 -28.4927 72.7041 163.324 
3841 55.9105 0 0 0 
2114 65.0268 139.506 0 0 
1032 142.376 137.078 152.948 153.177 
2628 -60.0059 152.708 0 0 
1546 218.061 0 0 0 
3088 45.2972 0 0 0 
518 0 0 0 194.948 
1289 195.013 0 131.891 0 
261 78.8054 0 0 0 
4 -4.8 -44 142.333 0 
2060 -36 95.5587 0 0 
258 166.485 147.611 160.065 143.839 
1313 138.305 0 0 0 
772 117.909 213.003 101.522 60.4948 
1800 191.518 -92.7615 0 10.4569 
2314 45.2441 0 0 0 
1029 0 -40.6491 76.5516 0 
2368 -14.3915 139.472 163.163 56.141 
1286 168.447 0 0 0 
2057 165.73 0 0 0 
1 226.621 0 0 0 
1160 0 143.855 194.291 69.844 
2116 199.763 0 0 0 
1034 323.224 0 0 0 
520 162.061 151.266 121.511 181.594 
1548 7.84 68.0484 0 0 
2576 42.3447 0 0 181.122 
777 156.065 0 0 0 
6 -4 0 0 0 
260 153.058 283.844 205.364 142.41 
2086 206.465 0 0 0 
1545 190.071 -80 172.616 259.534 
780 20.9293 0 0 -8.76855 
266 298.584 0 170.916 167.125 
2065 129.646 0 0 0 
2337 30.8359 0 0 0 
1796 189.648 0 0 0 
768 91.5097 175.162 112.486 58.7573 
2053 109.51 188.972 160.428 417.489 
1282 172.608 175.424 184.124 3.26964 
2824 -44 0 0 0 
1025 196.949 170.736 160.74 264.275 
2310 74.731 227.257 308.479 0 
3338 98.7411 0 0 0 
3081 -80 0 0 0 
1042 193.456 0 0 0 
528 93.1857 159.029 112.905 168.471 
2584 -80 0 0 0 
2064 89.8535 168.729 0 0 
1036 290.296 0 173.639 150.465 
522 67.1147 0 0 167.334 
265 166.081 0 81.589 0 
8 41.6194 163.418 -1.35583 53.1382 
3092 0 -69.6544 0 0 
3840 28.4593 -40.6695 101.974 -54.6984 
1152 165.94 46.821 223.745 205.695 
644 77.4053 0 0 0 
532 176.785 0 0 0 
1560 251.024 0 0 0 
1540 123.225 111.7 62.3844 179.744 
2081 0 5.61293 162.153 226.439 
2338 113.731 0 0 0 
2563 74.0041 0 -80 250.262 
3104 -0.783447 -5.35887 171.627 116.487 
1048 264.399 0 163.496 0 
2820 180.985 272.038 65.5011 -54.3343 
3361 125.275 0 0 0 
641 0 0 80.8167 255.832 
3089 69.2354 0 0 0 
384 125.69 228.636 158.412 159.263 
1064 0 138.166 0 225.012 
530 72.2292 0 0 0 
1044 77.0158 0 162.28 0 
290 192.855 0 0 0 
388 172.616 0 0 0 
1416 147.733 0 0 0 
645 120.026 0 0 0 
296 0 172.242 0 0 
1408 233.732 0 0 0 
1153 0 125.714 16.0045 0 
3601 79.6051 0 0 0 
896 194.719 0 0 0 
1920 176.856 41.1834 0 0 
529 154.356 0 77.5543 196.702 
840 247.934 0 0 0 
324 220.431 0 0 0 
642 117.61 0 0 0 
3090 0 118.892 0 0 
385 99.4139 0 0 0 
2088 84.8441 0 0 0 
1060 165.568 0 0 0 
289 181.508 0 0 0 
40 7.04 0 0 0 
392 295.078 0 207.779 0 
580 0 90.0066 0 199.276 
322 190.385 0 114.374 0 
836 107.339 0 0 0 
900 -2.4 0 37.8467 0 
386 170.506 0 0 0 
1410 168.489 0 0 0 
328 204.565 0 0 0 
536 196.399 0 0 91.9841 
2113 146.361 0 0 0 
1802 81.0012 0 0 0 
2884 -69.6544 0 0 0 
1288 192.751 -39.0911 118.751 57.7704 
2370 17.9081 0 0 0 
3328 42.8562 63.0638 191.496 54.6444 
1164 18.2734 0 0 0 
2880 175.702 0 0 23.6972 
648 187.707 119.36 0 0 
588 159.88 0 0 0 
517 208.096 199.788 187.416 279.176 
1058 131.514 0 0 0 
1541 164.379 0 0 0 
2082 136.298 0 -2.4 0 
540 0 4 0 0 
1412 0 118.939 0 0 
330 128.099 0 0 0 
394 161.918 0 0 0 
904 203.412 0 0 0 
390 192.262 0 0 0 
3360 114.818 0 153.079 0 
332 228.57 0 0 0 
2069 0 0 152.576 0 
