3075 -80 0 -4 0 
1314 -0.492422 0 0 0 
2372 0 -2.4 0 0 
1408 -2.4 0 0 0 
1154 -2.4 0 0 0 
1320 83.84 0 0 0 
3593 -0.649111 0 0 0 
2368 0 -2.4 0 0 
576 -1.77309 0 0 0 
322 -0.944272 -2.4 0 0 
320 0.649111 -2.4 0 0 
2065 -36.7126 0 0 0 
832 -3.43975 0 0 0 
292 -4 80 0 0 
1057 -0.944272 0 0 0 
577 2.11146 0 0 0 
2624 0 0 -42.3694 0 
2080 -42.0116 3.84331 0 0 
1064 0 -33.696 0 0 
2374 -80 0 0 0 
3090 -80 0 0 0 
1312 -3.28742 -50.9007 -2.4 -80 
1920 -2.4 0 0 0 
1793 -0.944272 0 0 0 
2568 0 0 0 3.75756 
3330 -80 -80 4.9065 0 
3076 -80 -80 -1.77309 -3.47355 
3584 -80 -80 -54.1524 5.33858 
517 -1.84571 80 0 59.8557 
1152 -2.4 0 0 3.54984 
1025 185.662 112.81 59.1085 187.931 
1283 -0.944272 0 0 0 
648 0 0 -38.3431 0 
521 9.58156 0 0 4 
1664 -2.4 0 0 0 
1537 62.2376 -19.6638 -80 293.871 
514 -0.492422 -0.492422 0 0 
768 -4.95889 -0.546368 -95.4112 -99.8551 
260 54.264 326.95 224.412 22.6099 
261 -4 0 0 0 
896 -2.4 1.78315 0 0 
769 -2.95673 -0.396078 0 0 
1538 -0.649111 -80 0 0 
268 80 0 0 0 
1284 -4 -44 3.84331 0 
1792 -1.77481 -97.3489 -77.5742 -80 
776 94.8969 0 -8.20833 0 
640 -2.4 3.28742 0 0 
386 -2.88 0 0 0 
513 473.564 565.645 456.772 556.408 
770 2.07901 0 0 0 
262 -4 83.1154 0 29.9534 
516 -4 162.383 29.7497 148.907 
1024 17.1811 -32.0964 17.4273 23.2424 
384 -2.4 3.46634 0 0 
257 -0.944272 -0.396078 -2.67177 -39.0557 
3077 -80 0 0 0 
3585 -96 -80 0 0 
288 1.65685 0 -2.4 0 
2051 -40.9443 0 0 0 
2305 -80 0 0 0 
524 80 0 0 0 
1540 -4 -44 -80 0 
1794 -0.649111 0 0 0 
2048 -26.5232 28.0691 29.5352 27.5421 
1032 747.555 554.481 696.487 640.29 
258 441.376 740.471 735.313 613.171 
512 0.0726094 6.73898 -39.4699 -0.367617 
256 11.6894 5.80338 4.49421 -40.9183 
2112 -42.4 -2.4 4.08708 0 
529 -0.944272 -0.944272 0 0 
2561 -38.6039 -0.492422 0 21.7016 
1545 4 0 0 0 
2053 -36 4.37315 0 0 
2565 -80 -1.65685 -80 0 
1041 -0.331051 -40.9443 0 0 
3073 26.9902 -80 -4 159.356 
3332 -80 -72.4736 0 0 
3840 -80 -80 0 0 
1280 26.6467 -14.0407 26.9335 -73.9955 
1026 11.7674 -20.3125 180.198 19.8581 
264 376.558 0 298.24 241.264 
1153 -2.4 -42.4 0 0 
772 -3.68219 87.53 0 0 
1056 -3.70484 0 0 0 
3338 -80 0 0 0 
2068 -33.696 80 0 0 
1560 4 0 0 0 
3080 -80 0 0 0 
3334 -80 0 0 0 
2064 -39.5076 0.944272 0 0 
266 155.694 0 -1.65685 0 
1028 -3.84843 -44 -2.70655 0.736359 
1536 23.7251 -67.4996 -21.9503 32.3863 
1282 -0.649111 -41.6569 235.688 203.123 
520 362.213 280.298 0 119.051 
1290 83.84 0 0 0 
1544 490.795 378.765 325.958 413.085 
2052 375.327 665.217 537.616 585.21 
2560 -76.0835 34.4577 -61.9909 21.3847 
2306 0 0 176.239 75.613 
528 -3.28742 1.14458 0 0 
2312 -44 -4 0 0 
2820 -80 15.0653 0 0 
3328 -88.8021 -83.5488 16.3831 -80 
3074 76.2822 103.169 221.62 198.89 
2818 0 0.649111 0 -79.5067 
2310 -36 7.84 -0.492422 0 
532 -3.02944 4 0 0 
1040 0 0 0 -2.4 
2564 -97.2707 99.6453 75.3344 3.04072 
3072 -96.9254 -96.6544 -9.81124 -12.653 
2056 -43.8433 0 0 -1.89671 
2049 13.8899 61.7105 121.512 149.648 
1033 7.84 -30.0416 0 0 
1160 -2.4 0 0 0 
1546 0 0 -80 0 
2562 -80 -0.944272 0 0 
2054 -34.3408 2.18315 0 0 
1800 208.493 50.3636 0 78.4546 
2816 -57.6819 20.5917 -80.3503 -80 
2308 -55.2 270.521 247.421 0 
2050 216.23 -0.0662743 248.84 224.201 
2304 -39.9235 24.4581 0 -57.9894 
1288 271.071 73.315 66.0987 80.279 
1034 83.0633 -36 0 0 
