2560 -80 0 0 0 
769 0.0431899 0 0 0 
1025 1.80714 0 0 0 
513 4.00586 0 0 0 
1280 3.95322 0 0 0 
3076 -80 0 0 0 
1028 -4 -44 0 0 
2304 -80 0 0 -37.0149 
1024 -3.93497 -44.4673 4.06349 0 
256 -3.1085 0.77008 0 0 
516 -4 0 0 0 
1792 0 0 0 0 
1033 0 0 0 -0.649111 
2048 -39.0557 -2.36944 -2.48245 0 
1032 80.8 0 0 0 
3584 -80 0 0 0 
2308 -36 7.84 0 -80 
512 -1.78315 0 0 0 
2049 -39.0557 -0.944272 -4 0 
264 7.84 0 0 0 
2816 -80 0 0 0 
1796 0 0 0 0 
3072 -80 -80 -3.19693 3.32381 
768 3.1085 0 0 0 
3073 -80 0 0 0 
1536 -2.48188 -40.5929 0 3.85605 
3074 -80 0 0 0 
1537 -2.55829 0 0 0 
