3604 0 0 -79.24 0 
1155 -7.24 0 0 0 
579 -0.04 0 0 0 
1804 64.2972 0 0 0 
2076 0 80.76 0 0 
1929 0 -79.24 0 0 
2117 -5.77533 0 0 0 
389 -7.24 0 0 0 
3094 -79.24 0 0 0 
3590 -79.24 -79.24 0 0 
1068 0 0 -8.03801 0 
3337 -95.2476 0 0 0 
646 -7.24 71.7486 0 0 
2069 80.76 0 0 0 
300 75.131 0 0 0 
534 0 0 0 -7.24 
3368 0 -80.038 0 0 
2584 -0.04 -0.04 -79.24 0 
294 -0.04 73.2232 0 0 
16 -0.04 -0.04 0 0 
902 -7.24 0 0 0 
1556 -0.04 -0.04 0 0 
1158 -7.24 0 -0.04 0 
531 0 -0.04 0 0 
1673 0 0 -79.24 0 
1046 -0.04 0 0 0 
2092 76.1167 0 0 0 
643 -7.24 -0.04 0 0 
1674 0 0 -0.838 0 
1561 57.5197 0 0 -7.24 
3608 -79.24 -79.24 -80.038 -8.03897 
1548 111.748 62.9087 -79.24 -0.0524982 
3370 -79.24 0 0 -7.24 
3587 -79.24 -79.24 0 0 
2376 0 -7.46695 0 0 
329 80.76 0 0 0 
538 -0.04 -0.04 0 -8.038 
650 0 0 -0.04 0 
649 77.3163 0 -0.04 0 
323 -0.04 -7.24 -0.04 0 
1796 -0.0496 -0.048 -79.24 -79.24 
2337 -79.24 -0.04 0 0 
1043 -0.04 0 0 0 
325 -0.04 80.3228 0 0 
581 -0.04 -7.24 -0.04 0 
2072 -0.04992 -0.04992 -0.04992 -7.24 
2377 -79.24 0 0 0 
537 11.836 0 0 0 
1050 88.0275 19.0091 0 -7.24 
8 -0.8 88.4455 -0.04 -0.04 
2074 -0.04 0 0 0 
3112 -95.088 -79.24 0 -0.04 
1554 -0.048 -79.24 -0.048 -7.24 
2578 -0.04 0 -7.24 -7.24 
1414 -7.24 0 0 0 
1928 -4.90003 -79.24 0 -79.24 
533 -0.83804 3.1824 -7.24 0 
394 -7.24 -0.048 0 0 
2088 -0.0496 -0.0496 -7.24 -0.0496 
2629 -7.24 0 0 0 
580 -0.04992 4.60432 -0.0496 -0.0496 
898 -7.24 -0.04 0 0 
388 -9.6231 84.0607 -0.04 -0.048 
3593 -79.24 -79.24 -79.4076 16.1087 
540 91.8766 -0.2 0 0 
1052 71.8278 0 0 -7.24 
1416 -9.04023 -98.3525 14.0818 -0.04 
834 -0.04 -8.688 -79.24 0 
2632 -7.24 -8.688 -79.24 -0.04 
3108 -79.24 -79.24 -8.688 -0.04 
1153 -9.0471 -9.04942 -0.049317 0.596607 
585 -0.04 -7.24 -0.04 -0.04 
2307 -0.866514 -0.0502553 0 0.0854855 
3844 0 0 -0.04 0 
3589 -98.2576 -79.248 -79.24 -0.04 
330 15.0586 -7.24 0 0 
2344 10.7388 0 0 0 
320 -0.0819302 -9.05 -0.0499992 -0.0500004 
577 -0.05 -9.04942 0.084699 83.982 
2336 -79.2511 -0.05 -9.04948 -98.4507 
1320 75.6385 -82.0724 -9.056 -11.242 
833 -0.04 -7.24 -79.24 0 
292 -0.048 86.9483 -8.688 -8.51124 
387 -7.24 0 0 0 
3092 -79.24 -80.038 -0.0496 -8.9776 
2118 0 22.8561 0 0 
1036 100.358 20.0485 -0.0500005 -0.05 
522 18.0971 -0.05608 -0.87992 -0.331447 
2064 -0.0500036 -0.05 0.45464 -9.02787 
265 3.82038 -0.05 -0.0499968 -0.05 
2115 -7.24 -7.24 0 0 
1033 14.2507 16.1327 -0.0513279 -0.05 
262 -0.05 99.4384 0.0782732 0.596443 
776 19.5235 -61.0324 -99.05 -99.05 
1797 -0.838039 0 0 0 
2338 -0.683599 -0.0499968 -8.9776 -7.24 
840 88.2982 0 -79.24 0 
2625 -7.24 -9.03552 -15.888 16.1152 
2084 100.565 99.502 2.44165 -0.209599 
3088 -99.0513 -100.008 -0.848212 -9.6447 
2060 91.2622 93.3931 -0.0512768 -0.05 
1289 2.99845 -98.4111 -0.847928 -1.04059 
518 -0.05 83.1832 -1.04105 -0.0563808 
261 -0.0499994 92.5361 -0.0816 -0.0499968 
4 -0.2 16.7093 -0.04 -0.04 
2369 -79.24 -9.03552 -0.04 0 
842 0 -8 0 0 
777 105.301 -0.0496 -99.0511 -99.8175 
520 93.9077 -0.0700849 -1.01399 -0.0819149 
2576 -79.909 -0.05 -27.2033 44.2042 
385 -8.688 -0.0499968 -0.04 0 
3090 -79.24 -95.088 -0.0489569 -9.486 
6 -0.8 80.76 0 0 
1312 -0.05 -98.4152 -6.06303 -8.15741 
2881 -79.24 0 0 0 
2340 -79.24 78.622 -7.24 0 
3336 -13.8163 -99.0564 -0.615733 -99.0501 
1537 -0.254859 -16.6929 -98.9233 -0.0448288 
2051 -0.05 -0.08192 0.0792797 0.730853 
1280 -0.0627951 -4.00995 -0.206794 1.64378 
2308 -98.8967 17.9995 -0.05 -0.0553202 
2822 -0.8 79.9524 0 0 
1794 -1.89597 -95.6201 -98.8915 -99.8163 
288 -0.0500004 -0.05 -6.75931 -6.95029 
1316 -0.04 -0.04 0 0 
2066 -0.04992 -0.04992 0.943387 -9.089 
1552 -0.0500001 -95.2167 -24.2737 -9.04994 
1065 97.4447 0 0 0 
524 19.3497 99.1675 -0.05 -0.0500102 
2580 93.4878 55.7702 -80.688 -7.24 
3332 -98.4152 -19.849 -0.05 -15.888 
2561 -16.5237 -0.05 -19.85 0.168235 
2304 -95.0953 -0.05 -0.0321047 -0.0766027 
3075 -99.2094 -99.05 -0.0244365 -0.0240086 
2818 -19.8437 -0.05 -19.6915 -79.24 
3586 -0.2 -95.088 -0.049984 -0.838 
908 56.805 0 0 0 
3072 -99.05 -99.05 -0.0500256 -1.02731 
3329 -99.2161 -99.0514 -0.0576999 -0.361121 
3840 -99.05 -99.0883 -99.0577 -99.0881 
2083 -0.04 -0.04 0 0 
1542 -0.04 0 0 0 
2624 -23.45 -9.05 -83.1783 -0.049984 
2113 -8.9776 -9.03552 13.4735 0.0682792 
576 -0.848 -9.05 -0.0500048 -0.0491828 
2120 -9.03552 -9.486 -0.948456 -0.0496 
321 -0.0496 -8.9776 0.548297 -0.048 
578 -0.04992 -8.688 1.86826 -0.682689 
1666 -7.24 -79.24 72.2414 -0.838047 
584 74.5707 -9.04988 -0.04992 -0.0536421 
3585 -99.0503 -99.05 -99.0499 0.74515 
3842 -95.088 -98.2576 -95.8876 -95.2476 
324 -0.0496 45.4002 -0.048 -0.048 
1027 -0.05 -0.05 -0.0500487 0.0803221 
256 -0.0500511 -0.0515322 -2.65931 -0.0580902 
513 -0.0502677 -0.05 0.0844531 0.609386 
770 -0.441292 -3.09151 -99.0898 -99.0516 
1284 -0.0880487 -15.8913 -0.0821832 -98.9235 
2312 -15.7078 -0.05 -0.0490688 -16.6592 
3110 -79.24 0 0 0 
2569 -15.8896 -0.05 -99.8417 -0.0496 
392 66.8863 -0.05 -0.08152 -0.0496 
326 -0.838002 0 0 -0.04 
1408 -9.05226 -99.0498 -1.11843 -0.0867622 
1665 -8.9776 -23.088 -76.406 16.1104 
1281 -0.0500004 -4.00493 -1.06838 -3.42593 
2052 151.146 19.4531 3.10152 -0.0883045 
1024 -0.05 -0.05 -0.880155 -0.08192 
3080 -99.05 -99.05 11.1525 -0.0462219 
2309 -70.2521 70.3913 -0.048 -3.21792 
3107 0 0 0 80.6 
2566 -91.416 99.8999 -15.888 -0.04 
1538 -0.0500124 -98.4431 -1.48171 -1.65202 
514 -0.05 -0.08192 -2.33493 -1.04744 
257 -0.050384 -0.05 -0.0565425 -0.05 
0 -0.0819204 -0.05 -0.05608 -0.05608 
1028 -0.056384 -0.05 -0.0500005 -1.60946 
2056 -0.0512768 -0.05 -0.0500021 -0.046198 
1285 -0.0496 0 0 -0.04 
2313 -0.04 -0.048 0 0 
768 -0.897329 -3.09152 -99.05 -99.05 
1282 -0.05 -98.3859 -0.0497916 -15.8943 
2053 91.692 70.7812 -0.2096 -0.043795 
1025 -0.05 -0.05 -0.0500593 -0.0447862 
2310 -80.707 74.4 -0.0499994 78.327 
3338 -98.288 -98.8915 -0.056368 0 
2824 -16.04 -0.435392 0 -95.886 
3081 -99.0183 -99.0487 -1.04809 -0.04 
260 -0.05 139.461 -0.0455738 -0.0500001 
2627 -79.24 0 0 0 
2086 82.9041 0 -7.24 0 
1545 64.3967 8.34778 -73.3472 -0.0499917 
1058 -0.05 -0.0576576 -9.03552 -0.8476 
517 -0.0823011 90.1304 97.5833 0.602813 
2370 -9.03552 -9.008 0.601571 0 
1288 75.8076 -98.7734 -0.211111 -19.0654 
2316 -0.08 81.5986 -0.04 0 
2884 -79.24 4.39897 0 0 
1802 19.7576 -79.24 -83.0515 -79.24 
774 -0.04992 -0.04992 -95.088 -95.088 
648 8.99191 -0.05 -0.049886 -0.0496 
1162 59.6354 -7.24 0 -0.838014 
521 12.4987 -0.05 0.0793214 0.106201 
264 5.18879 0.0143189 -0.939699 -2.08003 
2374 -7.24 0 0 0 
1292 97.5552 3.18303 -0.871591 -3.85152 
778 15.347 -0.04 -95.088 -98.2576 
2577 -0.049984 -0.04992 -80.038 -9.03552 
3073 -99.05 -99.05 -0.894233 -0.05 
3330 -99.05 -99.05 -0.0499984 -97.513 
652 70.1903 -0.04 0 0 
2816 -95.7502 -0.05 -98.4164 -83.21 
259 -0.05 -0.05 99.2967 80.7769 
2626 -7.24 0 0 0 
2085 -0.04 10.9273 -8 0 
1544 99.6197 -56.6503 -80.5167 -1.05636 
1057 -0.04 -0.049984 -7.24 -0.0393952 
516 -0.209981 81.2152 -0.0895663 -1.04422 
2058 -0.05024 -0.0563232 0.622464 -0.04992 
2112 -9.05128 -9.05 -0.05 -0.878979 
1030 -0.0500102 -0.05 -0.0436385 -0.0579199 
1314 -0.05 -98.2576 3.56584 -81.486 
773 -0.0496 2.8182 -95.088 -79.24 
2 -0.0496 -0.20192 -0.048 -0.8 
3600 -98.2576 -98.2576 -96.3053 -9.04858 
2342 0 0 -7.24 0 
1801 93.896 -93.0742 -98.2576 -96.6811 
3113 -80.038 0 0 0 
2572 100.02 -0.8 -95.088 -1.59003 
640 -9.05 -0.0500021 -0.124613 -0.185682 
72 0 0 -0.04 0 
1154 -9.0419 -9.03552 -0.0231016 -0.209852 
897 -7.24 -0.0496 -95.088 0 
1160 -6.477 -8.23996 -0.0500001 -0.05 
1417 8.70277 0 -0.04 0 
2049 -0.05 -0.05 -0.0526436 0.602647 
2306 -15.8915 -0.05 -0.0447855 -97.513 
2820 -98.8002 16.11 -99.0501 -99.0501 
1792 -0.987506 -20.6955 -99.0449 -99.05 
3077 -95.24 -98.2576 -0.0500004 -0.0179385 
3848 -95.088 -79.24 -95.2476 -80.046 
3334 -98.2576 -95.088 -0.04 -79.24 
769 -1.17402 -0.325169 -99.05 -99.0516 
512 -0.0580548 -0.05 -1.0459 -0.863194 
3109 -79.24 0 0 0 
2568 -0.0343852 -0.05 -96.0806 -0.0590273 
2081 -0.0499968 -0.0499994 -6.29372 28.3322 
1540 -0.0501002 -15.9219 -98.9355 -0.848196 
1026 -0.0500511 -15.89 0.590264 -1.03978 
2054 17.6354 19.9972 -0.0497932 -0.854703 
3082 -99.082 -99.0511 -0.05 -0.892073 
1283 -0.0496 -80.046 3.25936 -60.1085 
1056 -0.08192 -0.6836 -9.05026 0.512634 
515 -0.0500004 -0.05 80.1071 3.81661 
258 -0.05 -0.0502554 96.7518 0.0782068 
1313 -0.049984 -79.248 -7.24 -7.24 
772 -0.887621 -0.0447874 -99.05 -99.05 
1800 90.4266 -99.05 -99.05 -99.05 
1029 -0.05608 -0.05 -0.848448 -0.0499994 
2057 -0.05 -0.05 -0.05 16.1363 
2828 0 0 -79.24 -80.038 
2368 -9.16512 -9.05 2.87289 -82.5701 
1286 -0.049984 -0.0496 -0.0496 -95.088 
2314 -79.24 -0.05 -0.04 -95.8876 
1 -0.08 -0.0496 -0.048 0 
266 14.6581 -0.05 83.9586 85.1084 
1321 67.3874 0 -8.16094 0 
780 63.701 91.0031 -98.4172 -95.886 
2065 -0.05 -0.05 -0.209857 -8.688 
1536 -0.0831553 -98.2676 -79.5689 -1.24625 
3105 -95.886 -99.0511 -10.25 -0.04 
2564 -3.22317 61.1659 -98.8977 -0.2096 
2050 -0.0500511 -0.05 0.104801 -1.34485 
3078 -95.886 -98.8915 -0.0437929 -0.04 
3592 -99.0437 -99.0487 -68.768 -0.0133643 
1793 -1.28689 -99.0819 -99.0516 -82.5767 
3362 -0.862261 0 0 0 
2821 -13.4511 11.8962 -79.24 -95.088 
3584 -19.85 -99.05 -99.05 0.0664646 
3841 -18.1031 -99.0556 -99.0502 -19.0576 
3076 -99.05 -99.05 -0.05 -0.05 
2305 -16.0433 -0.05 -0.05 -0.0500016 
2048 -0.0500102 -0.05 -1.31288 0.0634954 
2562 -4.09295 -0.2096 -0.81032 -0.0512775 
2560 -0.6836 -0.05 -95.0961 -0.217003 
3074 -99.05 -99.05 -0.0487867 -0.861443 
2817 -82.582 -0.05 -99.05 -19.6929 
3588 -99.0298 -95.8905 -99.0511 0.0310847 
3331 -79.24 -79.24 0 0 
528 -0.05 -1.0076 -9.0883 -9.72578 
1042 -0.0499994 -0.0499968 0.595435 -9.9992 
2070 145.638 0 -0.04 -7.24 
529 -0.05 -0.05 -8.93695 -9.05 
2122 -7.24 -7.24 0 0 
1040 -0.0500511 -0.05 -0.05 -9.84365 
3096 -95.24 -99.0556 -1.06344 0 
2068 5.14326 153.867 -0.0499968 -9.00952 
532 -0.0496 79.2862 -8.688 -8.688 
1560 2.95595 -73.4452 -83.8576 -8.688 
1064 16.7704 29.1607 -9.04988 -1.06593 
645 -8.688 0 0 0 
530 -0.05 -0.05 -7.24 -8.44871 
1044 -0.0499968 -0.0499968 -0.049984 -8.8476 
644 -9.85438 91.1776 -0.04 -0.0819168 
1672 -2.44585 -83.848 -95.1219 12.9518 
390 -8.688 80.76 -0.04 0 
904 -5.4992 10.0372 0 -79.24 
1161 54.6249 0 -0.04 0 
1152 -9.05 -9.05 67.8956 -0.05 
1409 -8.688 -95.088 -1.05955 0 
1048 6.94013 16.7642 -0.0512736 -7.59509 
2563 -95.0896 -0.049984 -63.088 -0.8384 
3104 -99.0819 -99.05 0.799351 -0.0277845 
832 -0.919082 -9.04942 -99.0895 -99.9771 
1541 -0.0499968 -0.0499994 -82.4179 -0.0499968 
2082 -0.05 -0.05 -9.03552 -0.241519 
2880 -11.8576 -9.05 -79.24 -79.24 
2339 -79.24 0 0 0 
3089 -98.288 -99.0183 -0.049984 -7.24 
384 -9.05 -0.2096 -0.209661 -0.025957 
641 -9.04998 -0.05 -0.018756 31.2626 
1539 -0.048 -79.24 19.31 0 
2080 -0.05 -0.05 -9.04592 -0.848 
2565 -91.8629 100.094 -98.8001 -0.0499917 
3106 -95.24 -98.2576 -9.05116 -0.8 
536 19.3442 -0.0499999 -9.02946 -7.81899 
268 80.374 100.93 -0.853001 -1.46176 
2067 -0.04 0 0 0 
1553 -0.0818478 -79.2513 -26.2576 -8.688 
296 18.5305 -0.0496 -8.9776 -9.03552 
1034 0.290126 80.9055 -0.05 -0.0500613 
2116 81.5906 -5.4632 -0.0496 -0.0512608 
2373 0 0 0 -0.048 
3601 -79.24 0 -79.24 0 
896 -9.2125 -0.05 -99.0183 -99.0756 
328 17.2916 -9.03552 0.410349 73.304 
1410 -8.9776 -95.088 0.590032 -76.05 
1664 -9.85931 -24.0502 -98.5443 74.2403 
1156 -8.688 -9.05626 -0.049984 -0.04 
642 -8.9776 -0.05 0 0 
1032 100.719 19.343 -0.057663 -0.0500511 
2114 -9.04998 -9.04988 0.762451 -0.209584 
1546 90.5843 -98.2576 -0.846 -0.04 
2628 -78.8964 -7.24 -79.24 0 
2121 -7.24 0 0 0 
322 -0.0499968 -7.24 19.4982 -0.0189311 
836 -0.081856 -7.24 -95.088 -79.24 
900 -8.688 100.142 -79.24 0 
386 -9.21076 -0.05 -0.048924 -0.0499994 
1049 18.3087 62.6221 -0.0496 0 
1041 -0.05 -0.05 -0.08152 -9.03552 
3360 -95.0896 -99.0183 -9.05895 -95.088 
289 -0.0496 -0.0496 -7.24 -8.9776 
1060 -0.04992 -0.84792 -8.688 -0.048 
32 -0.04 0 0 0 
838 -0.04 0 0 0 
1920 -9.25743 -99.0511 -95.886 -79.24 
297 75.4815 0 0 0 
1921 -7.24 0 0 0 
298 -0.04 -0.04 -8.688 0 
1290 59.0618 -91.577 16.0657 -1.13199 
2372 -95.088 59.8869 -0.0496 -3.2176 
1066 106.11 0 0 0 
290 -0.05 -0.05 -9.03552 -8.9776 
66 0 0 0 -0.8304 
3328 -98.2897 -98.4164 -0.0819129 -83.3744 
1164 84.302 0 0 0 
