2586 -0.04 0 0 0 
133 -80 0 0 0 
18 -0.04 0 0 -79.24 
66 -0.04 0 0 0 
3 -0.0496 -0.048 83.9821 -0.04 
25 126.601 0 0 0 
2890 -7.24 0 0 0 
1558 -0.04 0 0 0 
1413 0 0 0 -0.04 
3084 -80 14.3595 0 0 
68 -79.4782 -79.5869 0 0 
1555 -0.0496 -0.048 -7.24 -7.24 
3843 -80 -95.088 0 0 
130 -80 -79.24 0 0 
20 7.03176 -0.04 0 0 
3846 -80 -95.0896 -79.24 0 
17 -0.04 0 0 0 
129 -80 -0.0499968 0 -0.04 
2377 -7.24 -7.24 -0.048 0 
2579 -80 -0.0499994 0 -7.24 
3370 -80.8279 -98.2576 -9.05 -79.24 
2380 8.56933 7.01446 0 0 
3596 -81.3414 -92.1972 -95.088 -0.84792 
1932 -7.24 6.63755 0 -79.24 
34 -0.04 -0.04 0 0 
32 -0.05 -0.05 -98.2576 -79.24 
5 2.61549 173.017 3.18303 -0.048 
3850 -108.764 -99.05 -82.4176 -98.2576 
2888 -26.566 -9.05 -82.4176 -95.7235 
3594 -95.24 -99.0183 -95.2914 -0.0502677 
906 105.338 -0.04992 0 0 
2585 -79.89 -0.05 -80.688 -9.7756 
2346 -24.8603 -0.0499999 -7.24 -97.1758 
16 -0.08192 -0.05 -68.0978 -95.088 
538 95.0292 -0.04 -8.9776 0 
1669 -8.688 -23.088 -15.888 0.0793296 
2892 79.5442 66.7455 0 0 
33 -0.987011 -0.0815203 0 0 
531 -0.0577221 -0.05 -8.688 -9.04942 
1930 95.4628 64.6207 0 0 
902 -7.24 97.0651 0 -79.24 
2121 -9.04942 -9.04988 -0.0563869 -0.04992 
650 -7.25907 -0.05 -0.846 0 
132 -80 -82.4176 -0.04 -0.04 
12 -0.2 80.8845 -0.231616 -0.04 
1562 89.9729 0 -11.6206 0 
2074 -0.0512767 -0.210578 145.188 -9.06744 
2090 -0.05 -0.05 -8.688 -0.05 
1674 89.0033 0 0 -0.04 
24 78.296 0 0.456916 -20.495 
65 -0.04 -79.24 -0.048 0 
2373 -78.923 7.22147 -0.0496 -0.6836 
1158 -9.03552 -9.03552 -0.0499917 -0.08152 
533 -0.05 17.6432 -9.05 -9.05 
1316 -0.0504511 -0.6836 -9.07902 -100.09 
1929 58.771 -31.3003 -77.6199 -35.8166 
1046 -0.05 -0.05 100.788 -9.20902 
2581 69.7575 3.80092 -99.0498 -9.04988 
3369 -80 -95.088 -10.7616 0 
2828 3.78992 100.774 -98.4162 -0.814678 
1564 88.9925 19.8882 -5.79581 -9.06744 
10 86.031 19.8183 -0.0499709 -0.84792 
1045 -0.0500001 -0.848001 -0.848008 -8.688 
1670 -8.03916 0 0 0 
588 75.3456 8.85091 -0.0499999 -0.0496 
1414 -8.688 -95.088 0.60147 -95.088 
332 95.7664 -5.71363 -0.048 -0.049984 
1926 -7.24 0 0 0 
844 75.9729 80.3051 -7.89435 -98.4133 
1155 -9.05 -9.05 22.3392 0.596401 
3098 -98.288 -98.8915 0.618591 0 
393 -5.45167 -0.05 -0.04 -0.0496 
3364 -95.24 -99.0234 -9.05 -98.4423 
2588 -16.04 19.6782 -0.04 -7.24 
534 -0.0496 92.1277 -7.24 -9.03552 
2378 -8.688 -8.688 -0.05 0 
136 -80 -98.2576 -0.05 0 
2376 -23.4463 -9.05026 -0.05 -83.2098 
2632 -9.05096 -9.05 -99.05 -0.0457026 
2348 2.22475 17.4319 -8.688 -61.415 
2889 4.89334 -7.24 -80 -80 
2826 -19.0723 -0.0362582 -16.551 -89.8286 
901 -9.0419 0.08466 -99.0487 -95.088 
905 80.0717 -0.0564028 -39.3833 -84.2386 
3608 -99.05 -99.05 -99.05 -8.95302 
3331 -17.4749 -99.05 0.751743 -3.21799 
3366 -80 -95.088 -9.05 0 
2825 -80.0449 -0.0500001 -95.8807 -16.0473 
2313 -29.6575 -0.05 -0.854578 -0.0563473 
3842 -99.0501 -99.05 -0.840986 -99.0499 
540 67.3373 18.6795 -9.0471 -9.05349 
3094 -98.288 -98.2576 0.628461 -7.24 
389 -9.04988 80.9658 -0.05 -0.0499994 
3368 -99.05 -99.05 -9.85182 -98.9118 
325 -0.238518 -5.3867 -0.05 -0.05 
1557 -0.0579598 -79.2501 -79.24 -8.688 
1417 -2.59252 -92.6734 -0.0839195 -1.65627 
2582 3.50161 76.0813 -1.7776 -7.24 
38 0 91.2423 0 0 
579 -0.049984 -9.04942 80.7759 0.596814 
64 -16.04 -99.0437 -0.05 0.450154 
2 -0.215729 -0.05 0.820405 -0.0500004 
1068 99.0851 3.45243 -9.05 -0.0563808 
3114 -95.24 -98.8915 -9.05 -1.00847 
1052 26.4704 18.9417 -0.05 -9.05005 
1556 -0.05 -95.8881 -93.8408 -6.05096 
2076 19.4453 3.98474 -0.05 -9.05 
3112 -99.05 -99.05 -9.26948 -0.0503316 
2885 -84.4976 2.08725 -95.088 -99.0499 
2344 -3.24339 -0.0509039 -9.2096 -99.0454 
2633 -7.24 -8.688 -82.4176 3.182 
2092 19.9353 17.4887 -9.04942 -0.05 
2073 -0.056384 -0.05 -0.05 -8.9776 
3602 -16.04 -16.5235 -82.4819 5.61174 
897 -9.05177 -0.05 -99.05 -99.05 
643 -9.05 -0.05 -0.0240927 -0.0445802 
3848 -99.0513 -99.05 -83.2049 -98.4101 
2069 87.4167 81.4586 -0.05 -9.05 
899 -7.24 0 0 0 
3604 -98.288 -98.8915 -98.9069 -9.05 
1411 -9.04998 -99.0487 154.009 -3.21799 
329 84.3047 -9.04942 -0.0499968 -0.056384 
2345 2.96264 0 -7.24 0 
2886 -86.9504 -9.0471 -79.24 -79.24 
1804 81.9989 75.937 -12.8775 -13.6703 
3589 -99.05 -99.05 -99.05 -0.05 
1924 -9.05664 -12.0173 -103.551 -103.341 
842 93.6994 -7.24 0 -7.67079 
3845 -110.6 -83.2098 -99.0437 -99.0437 
2884 -99.0259 66.2747 -99.05 -99.05 
1802 85.1367 -28.3202 -25.0535 -22.7775 
1412 -9.05128 -20.3756 68.6471 -99.0185 
330 15.1834 -9.05 3.73482 0.601639 
3590 -95.2477 -16.0477 -95.088 -0.05 
1322 74.8994 11.5106 -9.05 -16.3261 
1673 -2.29344 -20.0257 -95.2848 -0.0480514 
394 -6.9413 -0.05 0.751744 0.111548 
2570 -15.4172 -0.05 -15.8923 -0.0512767 
3337 -82.5728 50.2209 -0.209671 -80.1712 
3587 -95.1156 -98.4101 -0.661986 0.622256 
646 -8.688 80.492 -0.048 -0.04 
836 -0.0500123 -9.0286 -101.299 -100.292 
1324 15.1616 17.4127 -8.9776 -23.0469 
298 96.0929 -0.05 -9.05 -9.05 
1921 -9.10622 -89.5825 -108.63 -90.7252 
1928 -3.26656 4.43504 -36.9904 -82.8775 
2584 -0.975997 -0.05 -12.6224 -9.21089 
645 -9.05 94.6561 0.0844532 96.9359 
1418 -5.77728 -69.7781 -0.0192583 -3.94061 
898 -9.36477 -0.05 -99.05 -99.05 
1059 -0.05 -0.05 -8.9776 80.751 
518 -0.083391 13.4226 -0.0500511 -0.05 
261 -0.05 96.9342 -0.0500512 -0.05 
40 0 0.9067 -79.24 0 
581 -0.05 -5.38684 15.9506 0.597684 
1315 -0.0500613 -95.8876 -9.0471 -9.61152 
774 -0.973997 80.7563 -99.05 -99.05 
3849 -99.0732 -99.05 -99.05 -80.0166 
1561 78.035 -60.3199 -7.72839 -9.21058 
2120 -9.05 -9.05 -0.0512768 -0.0500002 
1923 -7.24 0 0 0 
841 98.9701 -9.04988 -11.4331 -45.535 
300 99.4099 3.34901 -9.05 -9.04998 
1285 -0.0500024 -0.695091 -0.24152 -1.02238 
3844 -114.258 -80.042 -99.05 -175.088 
2824 -80.0154 -0.05 -99.05 -95.1217 
3363 -80 0 0 -7.24 
2822 -19.6929 -0.0489654 -95.882 -99.05 
1798 -1.57815 -79.25 -95.088 -99.0559 
2339 -80 -0.05 -8.9776 -9.03552 
2880 -81.1698 -9.05 -98.4164 -99.0247 
2072 -0.0500004 -0.2096 -0.848 -9.0501 
586 95.7203 -9.03552 -0.04 -0.056368 
1668 -9.04988 -9.04991 -95.7235 -0.05 
3333 -99.0195 -98.4154 -0.05 -15.89 
1797 -0.0500004 -15.8974 -99.8783 -101 
2338 -3.34472 -0.05 -9.05 -11.187 
6 3.99352 17.0541 -0.048 -0.04 
4 -0.0500001 83.7979 -0.05 -0.0163764 
1 -0.05 -0.0563862 -0.0278722 -0.0446216 
258 -0.05 -0.05 83.9837 0.60183 
2882 -98.3351 -9.05 -95.7236 -79.24 
2341 -89.9543 93.091 -8.9776 -7.72462 
1800 21.0591 -63.4054 -67.8423 -75.8852 
1029 -0.2096 -0.05 -0.241559 -0.848247 
2314 -3.24355 -0.0500001 -0.0499999 -76.809 
2057 -0.0512768 -0.08192 -0.848 0.07928 
2563 -98.2895 -0.05 -59.858 0.11035 
3104 -99.05 -99.05 -8.54977 -0.0500534 
1048 86.9754 12.9118 -0.05 -9.05 
0 -0.08192 -0.2096 -0.81996 -0.05 
2056 -0.0563844 -0.05 0.510651 -0.05 
257 -0.0503235 -0.05 -0.05 -0.0452536 
514 -0.08192 -0.05 -0.0515324 0.0350384 
1028 -0.2096 -0.05 -0.0565781 -0.05 
769 -1.60166 -0.05 -99.05 -99.05 
512 -0.056384 -0.05 -0.0279366 -0.05 
2054 99.355 19.4935 0.602605 -0.0512871 
1026 -0.0830767 -0.05 0.602006 -0.0502554 
3109 -98.288 -99.0437 -9.05 0 
2568 -80.0541 -0.05 -99.0498 -0.2096 
3082 -99.05 -99.05 0.156926 -1.3305 
1283 -0.0500549 -99.05 99.9214 0.77356 
1540 -0.908338 -82.418 -95.7492 -0.05 
2081 -0.05 -0.08192 -9.05 3.182 
2115 -9.04994 -9.05128 -0.0241437 -0.0497952 
1033 70.4998 6.51749 -0.0500123 3.82841 
776 92.775 -0.05 -28.9954 -31.6981 
262 -0.05 3.63409 -0.0239355 0.597436 
1666 -9.0471 -98.9082 -0.877145 0.308911 
584 91.5998 -9.05005 0.0182479 -0.2096 
2817 -82.5703 -0.05 -99.0449 -83.2049 
396 69.726 99.6053 -0.04992 -0.0496 
2560 -0.0804128 -0.05 -99.0498 -0.04548 
3588 -99.05 -99.05 -99.05 -0.0499987 
3074 -99.05 -99.05 0.596443 -0.857422 
2309 -24.6445 73.2648 -0.05 -79.8836 
2052 98.8874 79.7375 -0.05 -0.0500123 
1024 -0.2096 -0.05 -0.05 -0.05 
3080 -99.05 -99.05 81.9665 -0.881199 
1281 -0.209794 -100.048 -0.889821 -1.17145 
3107 -98.8976 -99.0499 -9.05 0.596416 
2566 -16.8514 16.6361 -0.0804615 -0.0500021 
1538 -0.05 -80.3867 -1.17594 -1.41022 
1286 -0.970235 -79.2576 0.596607 -99.2428 
2368 -9.36197 -9.05 -0.0307867 -98.9223 
576 -1.0078 -9.05 -0.0499939 -0.0500508 
2625 -8.9924 -9.08192 -82.5764 0.07928 
2084 89.0623 6.49541 -6.48946 -0.0512789 
515 -0.05 -0.05 80.7761 0.596608 
1056 -0.848202 -0.0502569 -9.05006 -0.0500127 
772 -0.0564553 100.271 -99.05 -99.05 
1313 -0.928448 -20.0487 -9.66965 -79.2481 
2369 -84.5042 -9.05 -0.05 -16.0177 
3108 -99.05 -99.05 -9.05 -0.0499998 
1064 15.4453 75.2021 -9.05 -0.0500025 
3075 -99.05 -99.05 84.1094 -0.0499913 
3332 -99.05 -99.05 -0.05 -80.042 
2561 -0.051024 -0.05 -99.0247 -0.0499193 
2304 -79.3835 -0.05 -0.05 -15.9214 
2818 -0.0500082 -0.05 -99.0247 -99.05 
1676 65.822 9.0216 -95.088 -0.04 
3840 -99.05 -99.05 -99.05 -98.39 
3077 -99.05 -99.05 -0.05 -0.0489244 
2049 -0.0500511 -0.05 -0.0314836 -0.0426392 
1792 -0.0500142 -100.218 -84.3785 -97.0338 
2306 -1.72126 -0.05 -0.0489243 -95.881 
3361 -98.4162 -99.0449 -10.1741 -12.6669 
2820 -19.723 16.1154 -99.05 -99.05 
3334 -99.05 -99.05 16.111 -99.0226 
3585 -99.05 -99.05 -99.05 -0.0499996 
1164 -8.88617 56.2959 -0.0500006 -0.0496 
3328 -98.4164 -99.05 -0.13535 -20.6493 
2051 -0.05 -0.05 84.0141 -0.0447874 
3336 -98.3256 -5.36043 -0.0515227 -19.0901 
1537 -0.895564 -3.421 55.1057 0.601614 
2308 -84.7692 94.3721 -0.0500001 -87.7383 
1280 -1.76117 -99.05 -1.0546 -78.7999 
1794 -1.13856 -79.4529 -100.07 -100.527 
3593 -99.0499 -99.05 -99.05 -0.05 
1041 -0.234798 -0.05 -0.056384 -9.05 
3073 -99.05 -99.05 -1.46166 -0.0444581 
3330 -19.85 -99.05 16.11 -98.7019 
652 83.1665 100.592 -0.05 -0.0499999 
2816 -15.9154 -0.05 -99.05 -99.0247 
2113 -9.848 -9.848 -0.05 -0.05 
3609 -95.24 -98.8915 -98.2576 -9.05 
904 73.8452 -0.05 -43.2349 -98.4236 
1161 58.0243 -8.90251 -0.05 -0.05 
390 -9.05 0.673695 0.597477 0.725928 
1793 -0.235381 -85.4183 -101.056 -100.183 
2050 -0.05 -0.05 97.5574 -0.05 
1536 -0.0625127 -98.8929 -13.1555 14.9664 
2307 -19.2164 -0.05 -0.0239355 -0.0200185 
3078 -99.05 -99.05 0.597434 -0.05 
3592 -22.8382 -99.05 -99.05 -0.364199 
1318 -0.0499968 -16.6862 -7.24 -79.24 
777 81.2524 -0.05 -7.22389 -24.3515 
2576 -0.107448 -0.05 -99.05 -9.05 
1061 -0.048 -0.04992 -8.9776 16.1359 
520 3.70721 -0.05 0.0357141 -0.0499999 
385 -9.05026 -0.05 -0.05 -0.0502554 
3090 -99.05 -99.05 -0.0240656 -10.0467 
2089 -0.848008 -0.05 -9.04942 0.079229 
2630 -95.24 72.3855 0 -0.04 
1548 100.903 3.33008 -27.5272 -0.0500004 
320 -0.0564231 -9.05 -0.0499986 -0.209651 
36 -0.04 19.3424 0 0 
577 -0.05 -9.05 15.0278 -0.0231197 
293 -0.049984 81.4854 -9.04942 -9.03552 
834 -0.886182 -9.05005 -100.197 -100.299 
1672 70.4916 -67.3335 -8.33321 -0.486883 
644 -9.05 3.72913 -0.0500018 -0.0500021 
3092 -99.05 -99.05 -0.05 -9.05 
387 -9.08192 -0.05 0.726931 0.725888 
2053 3.88123 14.2282 -0.05 -0.0929182 
1025 -0.0512769 -0.05 -0.0516196 -0.0838238 
2310 -98.3624 -0.0489128 -0.05 -12.7547 
768 -0.0513306 -0.05 -99.05 -99.05 
1282 -0.05 -82.5584 16.022 -63.7295 
3338 -99.05 -99.05 0.596615 -99.0447 
2337 -79.2764 -0.05 -9.2096 -16.2486 
1796 -0.0502652 -16.743 -100.054 -20.0473 
3081 -99.05 -99.05 -1.21345 -0.0448206 
2080 -0.05 -0.05 -9.05247 -0.05 
1539 -0.848194 -19.8489 -59.2814 3.82942 
260 -0.05 84.7263 -0.0498503 -0.05 
2370 -9.05464 -9.05638 84.6286 -19.8497 
1288 81.4408 -28.9442 -0.0371866 0.10818 
2316 0.176255 3.21328 -0.0500102 -98.9243 
1160 67.6613 7.1614 -0.05 0.515491 
256 -0.0500514 -0.08192 -0.0499934 -0.0499657 
513 -0.05 -0.05 100.168 0.0803145 
770 -0.0582551 -0.05 -99.05 -99.05 
2312 -0.0500487 -0.05 -0.05 -16.0179 
1284 -0.854441 -15.89 -0.0499986 -19.698 
1027 -0.05 -0.05 19.343 0.589072 
3110 -80 -98.8915 -9.05 -0.04 
2569 -20.1833 -0.0499999 -95.4073 -0.848 
3340 -69.2198 -92.4759 -0.209676 -79.24 
3088 -99.05 -99.05 -1.00869 48.0889 
2371 -98.9054 -9.05 0.0845028 -0.0189378 
1289 3.68501 -17.8867 -0.0898295 -0.898974 
2060 81.5267 3.21428 -0.05 -0.0500021 
2068 3.48165 19.8135 -0.0499941 -6.84908 
2636 82.6049 -5.98069 0 0 
1554 -1.03716 -19.4042 -8.22273 -10.4558 
3096 -99.05 -99.05 12.1498 -6.69036 
1416 70.4729 -95.7832 -0.134462 -65.751 
3093 -80 -98.2576 -0.05 -9.0471 
388 -9.8555 98.8859 -0.049192 0.477429 
2305 -19.2103 -0.05 -0.05 -79.8834 
3076 -99.05 -99.05 -0.05 -0.05 
2562 -79.8838 -0.05 -95.7246 -0.0500021 
2048 -0.0500004 -0.2096 12.0658 -0.028433 
9 17.5066 12.621 -0.0499994 -0.0448288 
1321 18.1569 -69.355 -9.13012 -60.3098 
780 84.0117 97.7028 -10.3525 -81.0767 
266 16.8863 -0.05 3.18204 16.7564 
2065 -0.848 -0.05 -0.0500102 -9.04999 
1152 -9.05 -9.848 -0.0499921 0.497548 
1409 -9.08212 -80.3252 -1.29343 -0.554655 
2112 -9.05 -9.05 0.0511462 -0.233859 
1030 -0.05 -0.0500102 84.1113 -0.2096 
2626 -9.05462 -9.05 -99.05 -0.0500102 
2085 0.745077 81.364 -9.08192 0.105136 
1544 99.7919 -16.2516 -68.4208 -2.01814 
1057 -0.0819281 -0.05 -9.04999 -0.0241444 
516 -0.0512768 78.7024 -0.0458869 -0.0499998 
2058 -0.05 -0.0515399 -0.0500004 -0.2096 
259 -0.0819307 -0.0512768 94.0205 0.105136 
1314 -0.05 -100.053 -9.21446 -96.4081 
773 -0.242799 3.73614 -99.05 -99.05 
3600 -99.045 -99.05 -99.05 5.64579 
2342 -67.5754 0.0473205 -9.05 -12.6497 
1801 68.9286 -24.0557 -10.2046 -58.4233 
3113 -98.288 -98.8915 -9.88152 0 
2572 100.575 3.85808 -10.1111 -0.0500004 
528 -0.0502631 -0.05 -8.43435 -9.02738 
2070 75.0685 5.72516 0.597436 -9.05026 
2124 8.92927 8.81799 -0.05 -0.049984 
1042 -0.05 -0.05 0.114087 -9.24178 
288 -0.0502554 -0.05 -9.04544 -9.02685 
908 8.98412 100.545 -95.24 -83.1739 
3072 -99.05 -99.05 -0.209611 -0.05 
3329 -95.7609 -99.05 -1.01099 -79.9218 
3586 -80.042 -83.2039 -82.5765 -1.00949 
640 -9.05 -0.05 12.6274 -0.0500103 
72 -4.34222 -77.3302 -0.04 0 
1154 -9.05 -9.05 -0.0499917 -0.0568334 
1062 -0.214452 -0.05 -8.688 -0.209584 
521 89.0712 -0.05 3.31004 0.731066 
264 96.896 -0.05 -0.05 -0.0290055 
2577 -0.0550688 -0.05 -99.05 -9.05 
778 79.319 -0.05 -51.1308 -33.3963 
2634 -7.24 0 0 0 
1552 -0.0885372 -19.4096 -17.0427 -3.9135 
2580 -63.767 19.9677 -95.9522 -9.05001 
2066 -0.05 -0.0512773 0.701759 -9.05 
1420 -5.4359 -7.24 -0.05 -95.088 
3584 -99.05 -99.05 -99.05 -0.0498302 
3841 -114.258 -99.05 -99.05 -99.05 
8 99.1111 15.6546 -0.0499932 -0.05 
2064 -0.0500021 -0.848 -0.0306987 -9.03231 
265 77.1364 -0.05 -0.0512768 -0.05 
522 2.93475 -0.05 -0.05 -0.05 
2118 -6.13487 -9.04434 -0.0447792 -0.05 
1036 81.104 19.3166 -0.0500107 -0.0500026 
2578 -15.9214 -0.05 -98.2844 -9.848 
1066 28.3508 17.5339 -9.05128 -0.0819205 
1320 19.2996 -4.68962 -9.06132 -8.5364 
833 -1.09023 -9.05 -100.076 -100.05 
292 -0.05 97.696 -9.05 -9.05 
1795 -0.05 -99.8491 -95.088 -79.2496 
2336 -79.2807 -0.05 -9.05005 -72.3771 
537 133.938 -0.05 -9.05 -9.05 
326 -0.05 -5.36924 83.983 100.142 
1408 -9.05638 -84.6454 14.8512 -1.23823 
42 80.76 0 0 0 
1665 -9.05 -84.076 -63.0953 -0.0241753 
2819 -98.288 -0.05 0 -79.248 
3360 -98.391 -99.05 -9.08218 -97.8939 
2881 -12.5339 -9.05225 -98.9233 -19.8498 
2340 -18.5027 15.0965 -9.848 -83.8666 
771 -0.838048 -0.05 -79.24 0 
1312 -0.0500025 -100.168 -6.57282 -8.58718 
2564 -3.32434 64.7736 -98.8976 -0.0500511 
3105 -99.05 -99.05 -9.2466 -0.0447874 
1049 89.8052 1.86836 -0.87993 -9.05 
2821 -3.86153 3.21198 -99.05 -19.8488 
3362 -99.05 -99.05 -9.05001 -27.0452 
3089 -99.05 -99.05 -2.23356 -9.04916 
384 -9.22376 -0.05 -0.0499683 -0.0499925 
641 -9.2098 -0.05 0.079282 -0.0489654 
290 -0.0565781 -0.05 -9.02803 -9.04999 
1290 68.2959 -62.5245 -0.0489641 -78.6049 
2372 -81.5496 6.68481 -0.05 -3.2436 
74 -0.04 0 0 0 
1156 -9.05 -9.05 -0.0500102 -0.0499923 
128 -95.24 -15.9156 0.0523105 -0.0496 
642 -9.05 -0.05 -0.05 0.277693 
3601 -99.05 -99.05 -99.05 -9.0566 
896 -9.24529 -0.05 -98.4164 -99.05 
1153 -9.05 -9.05 1.90031 0.0780031 
291 -0.20969 -0.05 -9.05 -9.04998 
832 -0.0500142 -9.05 -100.898 -100.055 
2117 -8.32039 -8.81549 -0.05 -0.000799447 
1292 95.1758 81.5173 -0.210587 -17.4557 
2374 -81.1537 5.28023 -0.0448288 -91.8633 
322 -0.05 -9.05 -0.0499996 -0.0489575 
1542 -0.849287 -15.8964 -79.388 -0.84801 
2083 -0.05 -0.0500001 -9.05 80.7502 
2624 -9.05092 -9.05638 -99.05 -0.051081 
580 -0.849354 -6.44092 70.6761 -0.0499938 
1040 -0.05 -0.0512768 -0.857813 -9.02621 
2122 -8.9776 -9.0471 80.75 -0.20952 
323 -0.233859 -9.05 3.31649 0.199618 
324 -0.209602 61.8925 -0.05 -0.0499986 
1034 3.3735 81.3697 0.0793266 -0.0513279 
2116 -3.06076 -8.92451 -0.05 -0.049964 
41 24.0032 0 0 -0.04 
582 -0.05 67.4497 -0.05 -0.049984 
1664 -9.05026 -84.051 -83.0323 -0.0429316 
1060 -0.209602 -0.0500001 -9.05 -0.0573988 
2629 -11.9155 6.33237 -95.8819 -0.024144 
2088 -0.056384 -0.848 -9.05 2.72875 
289 -0.0636212 -0.05 0.741211 -8.94448 
3605 -98.288 -98.8915 -98.8915 -8.9776 
900 -10.0246 16.1102 -99.05 -99.05 
3091 -99.05 -99.05 0.622857 -8.9776 
386 -9.05 -0.848 16.9301 -0.0445744 
1157 -8.688 -9.0471 -0.0563861 0.595336 
1043 -0.0499999 -0.05 84.6019 -9.04998 
529 -0.05 -0.056384 -9.05 -9.05 
268 92.8827 0.080564 -0.08192 -0.05 
1553 -0.0571695 -80.6348 -24.3321 -8.9039 
2067 -0.05 -0.05 100.819 -9.05 
1032 89.8098 84.0721 0.032046 -0.05 
2114 -9.05 -9.05 16.11 -0.0819204 
1546 96.5609 -63.3791 -0.409691 -1.5661 
2628 -6.81483 -9.04641 -79.4072 -0.08192 
1922 -9.05 -107.75 -102.87 -102.726 
840 18.84 -9.05 -68.8113 -68.6176 
2627 -80.688 -7.24 -15.8896 0.105186 
1545 51.8239 -21.5894 -38.6073 -0.0497952 
2086 66.6174 0.631094 -9.05 -0.0500512 
517 -0.0500021 35.7955 0.596609 3.11997 
1058 -0.0502557 -0.05 -9.05 -0.209591 
1541 -0.236303 -78.9103 -19.85 -0.05 
2082 -0.0512768 -0.05 -9.05 -0.0504145 
321 -0.235378 -9.05 -0.05 0.46038 
37 -0.04 0 0 0 
578 -0.05 -9.05 -0.0500511 -0.2096 
1410 -9.85439 -99.0489 149.724 -78.6745 
328 18.7774 -9.05 -0.0292319 -0.05 
44 -0.04 0 0 0 
1667 -7.24 -79.24 80.7562 0 
585 89.4847 -9.05 -0.0489625 0.0792817 
1162 -7.93052 -8.53434 0.5964 -0.0500107 
648 -5.81957 -0.2096 -0.0499999 -0.0499866 
536 17.873 -0.0500511 -9.0262 50.3178 
2565 -68.9182 19.4767 -95.9917 0.5964 
3106 -99.05 -99.05 -9.05 -0.0704888 
1050 100.685 2.38468 80.7759 -9.05771 
837 -0.859254 -5.61636 -100.234 -95.8862 
296 83.7402 -0.05 -9.05 -9.05 
1560 18.5028 -33.2694 -15.7552 -9.05 
532 -0.234046 16.333 -9.05 -9.04991 
530 -0.05 -0.2096 -9.05 -9.05 
1044 -0.0512769 -0.05 -0.05 -9.04926 
838 -0.0819204 -7.24 -99.905 -79.24 
297 84.277 -0.0499994 -9.04998 -9.03552 
1920 -9.05027 -108.627 -108.632 -109.267 
649 14.4231 -0.05 -0.00280102 0.0790517 
3097 -95.24 -98.8915 -1.85523 -8.688 
392 84.0657 -0.05 -0.0499938 0.33578 
294 -0.848 100.77 -9.05 -9.05 
524 3.66038 16.2706 -0.848 -0.05 
1065 91.469 30.9683 -9.05 0.597436 
