3845 0 0 -80 0 
300 -4 0 0 0 
2369 -42.4 0 0 0 
3841 -80 -80 0 0 
3333 -80 0 0 0 
394 -2.4 0 0 0 
533 -4 4 0 0 
1161 -2.88 0 0 0 
530 -0.944272 -0.944272 0 0 
2076 -36 0 0 0 
649 -2.88 -0.944272 0 0 
1668 -2.4 0 0 0 
3843 -80 0 0 0 
777 84.4864 0 -76.96 0 
2569 -44 0 0 0 
2346 -40.4924 0 0 0 
2088 -43.7048 -3.1104 0 -0.331051 
2067 -40.9443 0 0 0 
3096 -80 0 0 0 
128 -80 0 0 0 
5 -1.65685 0 0 0 
897 -2.4 -0.944272 0 0 
2344 -36.7126 0 -2.4 0 
2072 -44 0 0 0 
2570 -44 0 0 0 
1928 -2.88 0 0 0 
3368 -80 0 0 0 
3112 -80 0 0 0 
1804 87.5264 0 0 -80 
534 -4 0 0 0 
1412 -2.4 0 0 0 
2070 -40.9443 4 0 0 
904 -2.4 -4 0 0 
3331 -80 0 0 0 
1283 -0.649111 -80 79.2 0 
1285 -4 0 0 0 
898 0 0 -96 0 
2120 -42.4 -2.4 0 0 
1155 -2.4 0 0 0 
261 -4 154.528 0 76.497 
1409 -2.4 -80 -4 0 
387 -2.4 59.6669 80 0 
3092 -80 -80 0 0 
2572 40 0 0 0 
774 -4 4 0 0 
778 -0.492422 0 0 -80 
1666 0 -80 0 0 
584 292.228 0.64 0 84.8687 
2336 -64.1833 26.5422 1.11994 -75.2971 
537 83.84 0 0 0 
262 586.324 600.623 604.792 573.653 
776 781.423 664.324 353.487 602.122 
3360 -96 -80 -9.03921 -80 
2051 -41.6569 145.316 425.135 0 
3336 -95.9265 -100.225 -0.75862 -59.8203 
1280 31.5814 -63.5753 32.251 -21.8242 
1794 2.09148 -96.301 -96.811 -99.1152 
1537 606.249 583.165 500.583 673.59 
2308 379.655 449.543 373.772 343.092 
2822 -36 80.724 0 0 
3593 -16.9443 -80 0 4 
2305 -61.7351 6.46271 -10.9954 -62.6439 
2048 -36.3605 18.5002 9.50089 12.0848 
2562 -63.5731 -6.95094 -98.8715 -13.5436 
3076 -97.288 -98.1952 10.1372 -5.92462 
577 -1.65685 157.978 207.324 502.322 
320 24.5058 15.1179 19.2919 -28.9943 
834 -0.341125 -2.4 0 0 
1 -1.98823 0 0 217.947 
2057 -41.6569 -0.649111 -4 407.675 
1313 -0.649111 0 0 0 
772 620.602 677.857 511.429 454.474 
258 604.159 607.963 901.765 561.858 
1800 484.331 384.168 391.134 438.655 
2314 -41.6569 -4 10.2093 0 
1029 -0.649111 178.275 268.091 294.376 
2068 -28.7692 238.791 153.435 172.502 
1040 7.89789 -37.6912 6.54592 4.57632 
290 -2.77654 -2.10963 -3.92968 -50.553 
2821 -80 7.84 2.09573 0 
3362 -80 -80 -2.4 -80 
1049 -0.944272 40 0 0 
3082 -80 -80 3.37685 -4 
769 -2.65705 0.284063 -96.6089 -95.8671 
1026 335.656 319.031 380.5 389.709 
512 2.25158 2.87177 -40.2396 2.95378 
2054 516.698 593.302 229.195 329.615 
2568 -43.1085 -5.25243 -16.3619 -4.51526 
288 -9.18086 -1.78354 -7.03734 -54.6822 
2066 21.0024 68.5874 168.095 0 
10 -1.65685 0 0 0 
1065 0 -36 0 0 
524 547.833 304.704 349.388 246.809 
2580 -40.8687 18.9606 0 0 
1552 28.6721 -87.5977 0 12.7307 
3329 -80 -20.4748 -15.8988 -93.3656 
3072 -100.133 -99.7078 25.3412 -4.16969 
3586 -80 -114.024 -103.148 -22.6431 
3075 -32.2816 187.35 500.399 293.482 
3332 -36 -76.16 11.5901 -98.4156 
2561 338.672 553.332 459.529 620.396 
2304 -55.6685 39.6011 34.378 -28.6281 
2818 -37.3726 -0.372509 -98.5282 -96.4545 
3589 -80 -80 -41.6 10.5087 
2113 -50.88 -2.4 -4 212.8 
3585 376.514 458.052 542.921 587.704 
3842 -123.36 -47.2091 -76.16 -114.56 
2049 610.142 639.481 661.611 765.898 
2820 241.556 287.442 232.837 186.527 
1792 17.5436 -76.2246 -76.7201 -83.4199 
2306 243.825 333.234 338.247 341.951 
3334 -80 -80 -0.492422 0 
3077 -80 -35.2 -4 81.568 
3848 -99.2 -80 -80 0 
2817 -48.4763 4.48136 -80 -93.7059 
3074 268.627 294.13 398.531 337.289 
2560 -63.0994 25.0493 -8.9435 23.9595 
3588 -107.517 -76.6723 -103.425 -3.11164 
1542 -4 0 0 0 
2624 -42.4 -17.9483 -64.6949 -16.0805 
0 -73.98 -12.9199 -72.3503 -75.2621 
257 2.81119 0.895444 -2.02194 -51.1931 
1028 0.404998 -50.2081 0.55506 0.0380964 
514 -13.2889 -13.2275 -56.9622 -15.7686 
2056 -52.1712 -2.4983 7.35337 0.486643 
1060 -4 -43.2874 -4.704 -3.27594 
32 3.28742 0 0 0 
289 0.649111 0 0 0 
259 733.55 734.375 861.174 633.269 
2112 -48.3884 8.79244 12.1135 10.0932 
1030 -0.944272 -40.9443 164.504 0 
2 -41.6569 0 0 0 
3600 -96 -80 -42.4 -6.91584 
2058 -41.6569 -0.331051 231.744 -1.74427 
640 11.2878 17.0094 -34.1255 13.6757 
1154 -2.4 -42.4 156.646 1.9584 
386 66.673 8.5488 447.154 98.3123 
900 -2.4 159.291 -80 0 
513 787.302 686.566 627.638 896.236 
256 21.0809 25.2446 4.77191 -24.4438 
770 -2.66528 -2.96022 -103.624 -98.6072 
2312 -51.278 -12.4002 -6.01566 -84.7658 
1284 -12.7496 -44 -10.1241 -86.313 
1027 -1.65685 310.253 403.096 233.82 
1153 -2.4 -50.88 -3.90366 4 
3073 375.676 475.077 482.65 470.899 
652 -2.4 4 0 0 
2816 -66.3192 12.8845 -79.9193 -66.7273 
3330 161.899 160.105 265.803 186.112 
3844 -156.8 -87.6005 -172.16 -80 
264 710.064 583.194 556.026 497.786 
521 514.655 459.189 444.033 465.049 
1292 632.091 0 186.328 0 
2577 -40.3311 -2.72101 -42.4 -4.704 
1676 0 -42.4 0 0 
3840 -896.728 -864.126 -875.483 -878.906 
2307 39.4106 -0.944272 148.099 86.5109 
1536 24.6389 -31.5676 -34.1166 10.82 
2050 350.32 349.066 352.269 360.864 
3105 -80 -80 0 0 
2564 383.504 431.416 434.635 405.005 
3592 -67.7345 -100.204 -47.1055 0.785945 
3078 -35.2534 -80 82.2431 59.0023 
1793 1.28923 -92.3707 -96.2718 -80 
529 -3.40867 -0.944366 -53.3041 -5.88883 
2053 615.291 617.324 602.535 631.512 
1025 447.398 421.872 596.743 599.706 
1282 345.701 422.801 485.895 272.789 
768 -0.610584 -1.46153 -97.9528 -92.8613 
2310 362.051 414.331 394.298 227.258 
1796 -33.9645 -80 -119.722 -80 
2824 -72.4736 -7.84 -76.2525 -80 
3081 -80 -80 -4 93.5306 
3338 -80 -80 82.9698 -36 
4 -14.18 -39.5076 -15.1155 -40.9443 
3088 -94.3068 -98.8753 -9.42795 -9.03921 
1059 -0.944272 0 0 0 
518 0.521317 81.4829 -40.6491 0.896334 
2371 -80 0 0 0 
1289 89.9526 0 67.96 0 
2060 -36 349.028 264.612 0 
1156 -2.4 -42.4 1.18413 -0.649111 
642 -2.4 -0.704359 -44 -3.50668 
3089 -80 -80 -4 0 
384 8.03056 4.49535 8.57984 -33.6507 
641 73.4569 142.893 22.361 163.776 
1152 -4.52163 -58.9253 -12.4087 -4.37329 
644 1.36884 12.9923 0 9.88133 
1672 -2.4 -42.4 -80.3772 3.22849 
266 569.668 566.58 565.948 504.939 
1321 4 0 0 0 
780 303.684 170.078 163.583 150.8 
2065 -48.7693 1.71784 -3.1085 -2.4 
520 439.811 413.818 441.537 437.964 
6 -0.492422 0 0 0 
2576 -38.3246 23.3052 -19.0537 14.8403 
3604 -80 0 0 0 
385 -2.4 1.14458 0 0 
3090 -80 -80 7.84 0 
1548 390.248 0 0 0 
8 153.77 -43.7048 -37.0209 -41.6569 
265 215.642 163.55 0 0 
1036 831.898 697.759 597.159 632.808 
2064 -55.0181 6.36643 -6.24712 -5.65231 
522 86.2746 0 24.7232 0 
1024 15.0735 -35.7378 10.1447 19.3057 
1538 2.87418 -47.1096 -0.961956 -4.06602 
2052 563.698 783.534 719.982 617.935 
3080 -100.806 -100.359 -3.30521 -3.12144 
1281 10.6089 -89.1367 1.83447 -36.0769 
2309 -40.4924 137.455 0 0 
3107 -80 0 0 0 
2566 -40.9443 81.8096 -88.8 -2.28 
1312 9.33801 0 9.94285 -23.4648 
2340 44.7518 120.283 0 0 
1539 0 0 0 83.84 
2080 -45.8661 3.94883 -7.07706 -7.13759 
260 481.622 631.04 614.094 436.106 
2370 -42.4 -2.4 8.17551 0 
1288 488.98 289.096 306.373 227.494 
896 5.48325 5.7033 -80 -91.6655 
3601 -80 0 0 -2.4 
1802 87.5264 0 -74.0416 0 
268 441.543 371.944 153.328 21.0474 
1553 -2.71875 -43.4046 -52.5185 -4.704 
2581 -36 0 0 0 
3584 -72.6625 -69.064 -64.5618 22.9028 
1665 -2.4 -80 -80 158.305 
528 9.94086 24.0387 -40.4432 0.540023 
1042 -0.492422 13.9631 203.65 0 
2584 -44 -4 0 0 
515 62.6443 -0.944272 -36 161.107 
1056 19.5738 -27.0159 16.95 14.647 
2880 -80 -6.91584 -105.171 -88.0338 
517 579.303 595.219 559.839 831.078 
1058 4.52683 -41.7731 -2.4 -0.844079 
1545 362.491 127.987 149.154 341.202 
2086 -40.6491 0 0 0 
322 -2.36944 67.2021 294.599 264.467 
836 -6.784 -4.704 -80 -97.824 
1408 -2.4 -37.4328 24.628 0 
326 -0.944272 -2.4 0 0 
840 223.559 -2.4 0 0 
1324 80 0 0 0 
296 233.898 0 0 135.363 
2563 -88.3314 0 -44 0 
3104 -96 -96 8.98371 14.7186 
1048 190.585 177.645 159.048 -5.55037 
582 -4 0 0 0 
1664 13.2842 -42.6732 -42.3025 19.2893 
532 6.39793 93.3807 0 0 
1046 0 0 80.8 0 
1560 159.062 0 18.4 59.6321 
18 -40.9443 0 0 0 
1290 496.748 340.042 406.365 351.033 
2372 -6.09763 -2.4 -0.955427 -80.4727 
1033 597.785 568.05 601.282 587.393 
2115 -42.4 0 0 0 
392 -2.88 -4 -0.18494 -40.9443 
1320 92.1393 0 68.6683 0 
1068 4 0 0 0 
291 -0.649111 0 0 0 
832 -2.21405 -9.03921 -101.316 -80 
2117 -42.4 -2.4 0 0 
516 354.074 370.195 321.268 370.772 
1057 117.223 186.04 214.185 271.06 
2626 -80 0 0 0 
1544 642.381 392.096 221.986 309.039 
2085 -36 0 -2.4 0 
773 -4 80 -80 0 
1314 1.83853 -41.2621 -2.4 -87.0827 
1801 15.0653 -36 0 0 
2342 -36 4 0 0 
580 -4 -2.4 -40.9443 -5.64575 
323 -1.65685 0 0 0 
388 -2.4 217.024 1.38315 0 
645 0 15.0653 0 0 
1416 -2.4 -50.76 -1.75994 -57.2755 
576 4.88605 9.57037 -42.6718 6.67411 
292 58.3985 290.368 0 0 
833 -0.492422 0 0 0 
2338 -37.3282 -2.58372 -4.704 -42.4 
1540 -9.47284 -55.7377 -83.027 -1.73208 
2081 -41.6569 -0.944272 -2.4 158.663 
1032 647.992 613.183 626.908 580.14 
2114 -50.88 -2.4 182.477 0 
1546 69.9883 0 -18.0387 0 
2628 -58.5451 -2.4 -53.6696 1.79374 
1160 -5.87299 -42.4 -3.46276 -5.63368 
1410 117.209 -80 155.813 0 
328 88.5883 0 0 -43.8905 
585 80 0 0 0 
2084 -15.6121 240.726 0 0 
2625 -42.4 -2.88 -42.3694 84.4616 
1286 -1.65685 -44 15.0653 35.4497 
2368 -87.0111 13.0674 21.1165 -34.295 
1034 721.865 605.126 558.505 668.04 
2116 -42.4 -5.24798 -4.22884 -6.25238 
64 0.944272 -79.2824 0 0 
321 -0.492422 -2.88 -4.65748 -43.8433 
578 -0.331051 -2.4 0 0 
1064 591.012 422.377 372.546 288.749 
1541 -0.492422 -90.6319 -0.944272 8.99847 
2082 -38.3431 -3.19585 -2.4 -4 
294 -0.944272 4 0 0 
332 4 0 0 0 
1162 -2.88 0 0 0 
648 -4.704 -4 -50.4462 -4.4442 
390 -2.4 7.84 0 0 
3328 -66.7683 -57.7595 46.4769 -29.155 
1164 0 0 0 -0.649111 
1041 -0.396078 -40.6491 0 0 
2069 78.4 0 0 28 
1920 -5.1648 -80 -80 -80 
1044 -4 -39.3509 -3.84331 0 
324 -3.57736 -1.39496 2.76928 0 
581 -0.944272 0 0 0 
2565 176.128 289.144 218.045 370.695 
3106 -96 -80 0 0 
536 72.2708 0 0 0 
