1558 -0.04 0 0 0 
1932 0 6.96314 0 0 
129 -80 0 0 0 
2346 -80 -0.04 0 0 
18 -0.04 0 0 0 
65 -0.04 -79.24 80.76 0 
3340 90.9491 0 0 0 
130 0 0 -0.04 0 
3846 0 0 -0.04 0 
1555 0 0 -7.24 -8.688 
33 -0.04 0 0 0 
3843 -80 0 0 0 
531 -0.0496 -0.0496 -8.688 -8 
1557 -0.04 -0.04 -79.24 0 
3114 -80 -95.24 -7.24 -0.838 
1669 -7.24 -7.24 -80 0 
3596 89.9165 0 0 0 
1929 80.1762 -75.3265 0 -44.3404 
3 -0.04 -0.0496 147.484 -0.04 
3590 -80 -95.0896 -0.04 0 
2579 -80 -0.048 -7.24 0 
902 -8.15968 0.596416 0 0 
2588 -80 98.0486 0 0 
2377 -80 0 0 0 
2582 -0.04 80.76 -7.24 0 
1674 5.77493 0 0 0 
2889 -7.24 0 0 0 
2348 78.4146 -0.04 -7.24 -80 
68 65.6188 0 0 -0.04 
1930 76.009 0 0 0 
2378 -6.38837 -7.24 0 0 
2888 -80 -8.688 0 0 
538 69.6384 -0.0496 -9.7756 -7.24 
646 -7.24 94.4625 0 0 
3604 -95.24 -95.088 -95.088 0 
132 0 0 -0.04 -0.04 
3849 -80 -15.888 -79.24 0 
3366 -80 -80 0 0 
2825 -79.248 -0.05 -95.088 -79.248 
1157 -8.9776 -8.9776 -0.048 0.756707 
3594 -28.9221 -98.2579 -1.00184 0 
1158 -8.9776 -9.00952 16.1359 -0.04 
17 -0.04 -0.04 -80 0 
128 -80 -95.0899 -0.049984 0 
2380 0 0 0 -80 
66 -80 -79.24 0 14.7807 
2578 -0.689907 -0.05 -7.59552 -9.07902 
1043 -0.846 -0.04992 20.1231 0 
12 0 96.912 0 -0.04 
1155 -7.24 -9.0471 81.4152 0.725928 
1052 16.9196 -0.04 -0.0499994 -7.24 
3333 -95.24 -98.8915 -0.049984 -0.04 
1556 -0.0819671 -0.969341 -23.1217 -9.21076 
534 -0.048 132.464 -7.24 -8.688 
3370 -80 -95.088 -8.688 0 
34 0 0 -80 0 
24 84.6718 0 0 -28.9375 
901 -7.24 16.1101 0 0 
3608 -80 -95.088 -84.4976 -9.05 
5 76.1347 77.0179 0 0 
3587 -95.088 -79.24 -79.248 16.602 
6 3.1824 11.1102 0 0 
1670 -7.24 0 0 0 
588 84.3375 0 -0.048 -0.0496 
906 -7.89996 -0.04992 0 -79.24 
1673 3.42393 -82.4358 -78.7837 -0.0487789 
20 -0.04 -0.048 0 0 
1411 -9.49086 -79.24 -0.04992 0 
329 80.7004 -7.24 -0.04 -0.04992 
643 -8.688 -0.0499968 0.131388 84.1371 
537 3.6526 -0.0496 -8.9776 -9.05 
579 -0.0496 -8.688 3.83379 -0.04 
3850 -80 0 -79.24 0 
2373 -95.24 81.3062 -0.04 -95.0896 
2076 82.6179 84.1997 -0.048 -7.24 
1924 -7.24 -79.24 -79.24 0 
842 100.297 0 -80 0 
136 -80 -97.6737 -0.04 0 
1414 -8.66866 -7.24 0 0 
332 84.7272 -7.77391 -0.0496 -0.0496 
2369 -98.9336 -9.05026 -0.0499991 -3.22307 
64 -95.24 -98.8915 14.4448 -0.048 
2585 -0.04 -0.048 0 0 
1562 74.947 -80 -1.65245 -7.24 
3368 -98.288 -98.8915 64.5663 -95.088 
2632 -9.02868 -9.04988 -98.2894 -0.0329745 
2570 3.02903 -0.0499999 -21.5462 -0.048 
905 23.4063 -0.048 -28.1882 0 
4 82.9499 24.5042 0.565174 -0.05 
2121 -8.688 -8.688 -0.0499994 0 
294 -0.0868853 101.874 -8.9776 0 
1564 94.1584 0 -24.4396 -8.688 
1285 -0.0499994 -79.25 -2.13575 -15.89 
1412 -9.0471 -81.0476 -0.0502554 -4.00366 
330 66.0413 -9.04998 16.2652 3.31132 
390 -9.05318 99.4461 80.8845 3.80274 
1322 9.92686 -72.3903 -8.9776 -7.24 
898 -9.86099 -0.05 -99.05 -98.8915 
3364 -80 -98.2576 -9.0471 0 
2090 -0.04992 -0.0496 -8.9776 -0.838 
10 0.750433 1.21025 0.7449 -0.048 
2120 -9.05 -9.05 -0.05 -0.05 
3589 -99.0247 -99.0499 -99.05 -0.0499997 
2581 -12.213 79.7545 -27.0183 -8.688 
2313 -0.829613 -0.0500123 -0.0512762 -0.0512767 
540 19.4777 146.196 -7.24 -7.24 
325 -0.048 -1.2965 -0.04 -0.04 
2074 -0.048 -0.048 0.596409 -8.688 
650 9.68382 0 -0.048 -0.04 
2117 -5.74314 -5.66897 -0.04992 3.95893 
323 -0.0496 -9.0471 0.105341 3.18713 
2826 -15.9113 -0.0499994 -95.088 -79.24 
3369 -0.04 0 0 0 
2828 2.86978 17.6517 -98.2681 -98.8915 
387 -8.84764 -0.05 -0.0496 3.87242 
3092 -99.05 -99.05 -0.05 -8.9776 
3112 -99.05 -99.05 -9.27495 -0.111819 
586 96.912 -7.24 -0.04 -0.04 
1668 -8.688 -9.03792 -99.0183 -0.0313418 
841 96.5863 0 0 0 
300 3.04152 99.7815 -9.0471 -7.24 
2 -0.05 -0.05 16.8648 -0.0497932 
1417 79.1895 -18.2376 -1.00547 0 
3842 -101.97 -99.05 -0.835907 -99.0437 
1068 100.899 84.1275 -9.05116 -0.2076 
530 -0.05 -0.05 -8.56506 -9.05026 
1045 -0.049984 -0.04992 -1.4544 -7.24 
2072 -0.0500102 -0.05 -0.0257737 -9.05 
9 4.60039 11.6176 -0.0499968 -0.048 
2316 -60.7095 16.9126 -0.05 -98.3909 
2584 -5.74128 -0.041136 -98.4682 -9.03366 
1050 34.8244 67.3916 0.724435 -9.05 
2069 0.650871 0.704958 -0.049984 -9.04942 
3338 -99.0498 -99.05 -0.0500005 -98.9182 
1554 -0.0500102 -15.888 -9.96932 -9.83994 
2636 67.9861 0 -44.3306 0 
844 92.6273 9.32726 -79.24 -28.6209 
2067 -0.049984 -0.049984 0.757741 -9.03552 
293 -0.8476 100.917 -8.688 -7.24 
834 -0.257626 -9.05 -100.08 -100.21 
3108 -99.0488 -99.05 -9.04991 -0.05 
2822 -99.0195 100.146 -4.00468 -99.0498 
3113 -95.24 -98.2576 -9.84768 -0.04 
2572 14.1849 74.2617 -83.0497 -0.0500025 
2885 0 0 -80 0 
2344 5.03393 -0.050122 -8.8476 -0.350204 
1409 -9.05 -98.9118 -1.01238 -0.286614 
1667 -7.24 0 0 0 
44 80.76 0 0 0 
585 3.37529 -9.02866 16.3836 0.601571 
3098 -95.24 -95.088 16.1104 -8.06471 
393 8.45468 -0.0499968 0 -0.04 
3602 0 -96 0 -8.03801 
897 -9.05 -0.05 -99.05 -99.05 
32 -0.0499968 -0.04992 -95.088 -79.248 
16 -0.04992 -0.049984 -76.3743 -95.088 
2339 -0.04 0 0 0 
1798 -0.0496 -0.048 -79.248 -79.24 
2880 -96.0539 -9.05 -98.4164 -99.0501 
836 -0.217772 -9.05 -100.263 -100.659 
8 9.85307 8.1669 -0.05 -0.05 
1561 80.4573 -62.5463 -39.0873 -9.84742 
533 -0.04992 95.6574 -9.03552 -7.24 
576 -0.848002 -9.05 -0.0502558 -0.2096 
322 -0.05 -9.05 -0.0485757 78.5777 
1312 -0.0869584 -100.045 -6.51852 -81.4124 
580 -0.05 -5.31987 -0.0512204 -0.209855 
2113 -9.05 -9.05 -0.0492787 -0.0448268 
297 19.488 -0.0496 -7.24 -7.24 
838 -0.048 -6.50692 -79.24 -79.24 
1920 -9.08225 -26.8995 -108.873 -108.772 
1152 -9.05001 -9.05 -0.050095 -0.84799 
1793 -0.214452 -20.0723 -101.233 -20.0576 
1536 -0.11374 -16.0423 -18.5554 1.98358 
2050 -0.05 -0.05 0.0794886 -0.05 
3105 -99.05 -99.05 -9.25931 -0.0437536 
2564 64.149 0.726852 -19.8437 -0.0502554 
3592 -99.05 -99.05 -99.05 -0.0502659 
3078 -99.05 -99.05 80.7759 -0.05 
2307 -3.37619 -0.05 0.597476 -75.8669 
320 -0.05 -9.05 -0.030999 -0.0499997 
36 75.6795 0 -80 0 
577 -0.05 -9.05 -0.140015 16.141 
2376 -10.0275 -9.05 -0.0297407 -4.00366 
578 -0.2096 -9.05 -0.854394 -0.0502656 
321 -0.21057 -9.05 -0.05 -0.05 
324 -0.05 9.62921 -0.08192 -0.05 
40 19.5807 0 0 0 
581 -0.0499994 79.6595 16.1152 0.59648 
3088 -99.05 -99.05 -0.05 -9.05 
2371 -7.24 -7.24 0 0 
1289 19.8343 -5.27236 -0.88145 -0.855827 
261 -0.05 3.80286 -0.0500021 -0.0500613 
2060 93.266 98.869 -0.05 -0.05 
1059 -0.056368 -0.05 -8.03648 0 
518 -0.0819203 63.0242 -0.05 -0.05 
2628 -23.166 -8.93244 -98.4681 -0.0576611 
1546 80.9655 20.0318 -0.885899 -1.04111 
833 -0.05 -9.04998 -100.072 -100.361 
292 -0.05 94.571 -9.05001 -9.05 
1320 2.85239 -79.5106 -9.93129 -79.8018 
3077 -99.05 -99.05 -0.05 100.168 
1792 -1.61526 -96.3238 -100.194 -101.237 
2306 -79.9421 -0.05 3.31135 -63.8512 
3361 -80 -98.2579 -9.84755 -9.6456 
2820 61.0003 0.622257 -99.05 -99.05 
2049 -0.05 -0.05 -0.05 0.62226 
3334 -99.05 -99.05 0.07928 -81.7715 
3848 -113.18 -7.34774 -19.5681 -95.7489 
3585 -95.8571 -95.882 -99.05 -0.0309051 
1164 68.1733 0 -0.0828555 -0.0496 
3328 -98.9233 -99.05 -0.849291 -83.3221 
3075 -99.05 -99.05 84.0079 15.9504 
2561 -0.05 -0.209606 -98.9181 -0.024144 
3332 -19.85 -99.05 -0.05 -79.9153 
2304 -16.5238 -0.05 0.455569 -95.2421 
2818 -98.922 -0.05 -98.4162 -98.3394 
1416 -5.44637 -12.5044 -0.243532 -80.6641 
645 -9.04942 19.966 0.0856922 0.596608 
3093 -95.24 -95.088 0 -7.24 
388 -9.05 64.1636 -0.0867719 -0.05 
2305 -98.922 -0.05 -0.05 -0.05 
2048 -0.0500102 -0.05 -0.0398005 0.026968 
2562 -95.7246 -0.330896 -3.34472 -0.0329124 
3076 -99.05 -99.05 -0.05 -0.0499988 
2051 -0.05 -0.05 80.7552 -0.0489658 
1280 -0.0578488 -100.021 -1.02216 -50.7021 
2308 -95.1095 3.2126 -0.050219 -0.688709 
1537 -0.247284 -95.2218 12.8349 0.596392 
3106 -99.05 -99.05 -9.05 -0.25331 
2565 -81.2095 15.4819 -98.4164 -0.056384 
1794 -1.06089 -96.8299 -84.0558 -20.0706 
3336 -96.6243 -99.0118 21.6955 -95.7824 
3593 -98.5079 -99.05 -98.7928 -0.0254283 
2342 -95.24 -0.0270395 -9.03552 -84.4915 
1801 100.473 -95.1468 -6.996 -86.401 
1057 -0.05 -0.05 -9.84928 -0.05 
516 -0.05 3.89923 -0.6959 -0.2096 
2626 -84.6572 -9.05 -0.0496 0 
2085 96.9701 16.8588 -9.05638 -0.0499994 
1544 65.2629 -41.4963 -9.50112 -0.873573 
259 -0.0500102 -0.05 0.725895 0.597435 
2058 -0.05 -0.056384 116.483 -0.0500511 
3600 -99.05 -99.05 -99.05 -9.84928 
2309 -79.9753 2.24859 -0.05 -0.0500081 
1281 -0.0512846 -99.255 -1.00517 -19.0933 
3080 -99.05 -99.05 -0.0916086 -0.0820847 
1024 -0.05 -0.05 -0.05 -0.0881977 
2052 0.100348 100.82 -0.05 0.620749 
3107 0 0 -7.24 20.0079 
2566 -78.4874 90.4911 -0.684622 -0.05 
1538 -0.05 -19.849 -1.64108 -0.827697 
3337 11.1321 -99.0437 -0.218958 -0.960307 
2817 -19.0846 -0.05 -99.0498 -83.21 
3588 -99.05 -99.05 -99.0247 -0.0308166 
396 85.1339 19.704 -0.04 -0.0496 
2560 -0.683608 -0.05 -99.0245 -0.0895806 
3074 -99.05 -99.05 0.685651 -0.0819231 
3845 -80 -95.088 -95.088 0 
3331 -19.8625 -82.448 81.5759 -0.04 
1153 -9.05 -9.05 -0.209206 -0.018856 
1056 -0.056384 -0.056384 -8.69154 -0.848 
515 -0.05 -0.05 80.9105 0.0854959 
258 -0.05 -0.05 84.4697 0.0803145 
1313 -0.05 -99.5287 -16.8584 -10.9736 
772 -0.0515322 3.8284 -99.05 -99.05 
2057 -0.05 -0.05 -0.05 3.31645 
1029 -0.05 -0.0500102 -0.0563958 0.725895 
1 -0.05 -0.209843 -0.0499987 -0.0482551 
2314 1.08455 3.78187 -0.0448288 -98.9198 
769 -0.849796 -0.05 -99.05 -99.05 
512 -0.0502942 -0.05 -0.2096 -0.0430283 
1026 -0.05 -0.0500102 16.8145 -0.05 
2054 20.1457 86.0377 80.75 -0.05 
3109 -80 -98.8915 0 0 
2568 -80.03 -0.05 -99.0572 -0.850877 
2081 -0.05 -0.08192 -9.05 -0.05 
1540 -0.0500511 -0.05 -19.82 -0.050255 
3082 -99.05 -99.05 15.9773 -0.259205 
1283 -0.0500021 -80.0418 80.095 0.616628 
2338 -16.0496 -0.05 -5.75463 -26.9665 
1797 -0.0512 -16.6886 -79.24 -79.248 
288 -0.0500102 -0.05 -9.05026 -9.01522 
1316 -0.969296 -15.89 -9.06744 -12.6832 
1058 -0.05 -0.05 -8.54446 -0.05001 
517 -0.05 3.97785 0.0803714 0.0782101 
260 -0.05 97.6956 -0.0499986 -0.0512768 
2370 -9.626 -9.05 0.601571 -19.7229 
1288 18.5024 -62.706 -0.220114 -1.01953 
2627 -80 0 0 0 
2086 68.3985 3.29875 -9.84742 -0.215968 
1545 51.1257 -23.0665 91.4197 3.15009 
2884 -23.0137 -9.04998 -99.0183 -98.928 
1802 77.1721 -72.4009 -21.8593 -41.1609 
1315 -0.0499994 -79.24 -7.24 -7.24 
774 -0.216955 16.5721 -99.05 -99.05 
896 -9.08425 -0.05 -99.05 -99.05 
3601 -83.3715 -99.05 -99.05 -9.05 
1025 -0.0512768 -0.2096 -0.0500001 3.20786 
768 -0.056423 -0.05 -99.05 -99.05 
2053 15.1382 15.715 -0.247904 -0.0489641 
1282 -0.215218 -83.21 15.9504 -63.2255 
2310 -91.7664 95.3788 3.182 -19.7916 
3081 -99.05 -99.05 -0.256912 3.18721 
2824 -3.34887 -0.05 -99.05 -98.2846 
2337 -99.0489 -0.05 -9.04988 -1.79182 
1796 -0.0500021 -0.490544 -84.0427 -16.8689 
1060 -0.0500511 -0.05 -9.05 -0.0500001 
289 -0.0500025 -0.05 -9.05 -9.05005 
2563 -79.5629 -0.05 -0.0489241 0.732033 
3104 -99.05 -99.05 -9.08344 -0.0830514 
1048 19.4988 92.2869 -0.0563844 -9.08197 
326 -0.04992 5.96877 99.3444 84.6295 
1408 -9.05001 -99.0449 2.7834 14.4136 
42 80.5247 0 0 0 
1665 -9.05 -10.4859 -98.0294 16.7874 
265 66.5039 -0.05 -0.05 -0.848 
2064 -0.05 -0.0500001 -0.209574 -9.84388 
2118 6.81527 -8.98261 16.2664 -0.081904 
1036 14.5784 20.1447 -0.0500027 -0.05 
522 69.4635 -0.05 -0.05 -0.05 
640 -9.05 -0.0500102 0.036956 0.0556603 
72 8.61842 0 0 0 
1154 -9.05 -9.05 22.262 -0.0500103 
3091 -98.288 -98.8915 100.238 -8.688 
386 -9.05 -0.05 19.4984 0.819677 
3605 -80 0 0 0 
900 -9.92284 84.7837 -99.05 -99.05 
1928 5.03497 -93.8474 -54.73 -84.8356 
513 -0.05 -0.05 19.4646 80.7761 
770 -0.0884121 -0.05 -99.05 -99.05 
256 -0.0500005 -0.05 0.0294178 -0.0457406 
1284 -0.890184 -79.25 -0.0500004 -80.0495 
2312 0.000649184 3.4793 0.0784897 -0.825478 
3110 -95.24 -95.088 -7.24 -0.04 
2569 -0.0512289 9.08684 -83.2054 0.084441 
1027 -0.05 -0.05 16.1151 80.751 
514 -0.848 -0.05 0.44921 -0.0499926 
257 -0.0502554 -0.852852 -0.056384 0.0542643 
1028 -0.0500004 -0.05 -0.0494499 -0.2096 
2056 -0.0500511 -0.05 0.0508347 -0.0500001 
0 -0.0502554 -0.05 0.133291 0.260104 
1064 13.867 17.4829 -9.2096 -0.05 
2633 -7.24 -8.688 -79.24 -0.04 
2092 3.8272 99.4387 0 -0.04 
1539 -0.209931 -99.0247 2.68301 95.4555 
2080 -0.05 -0.08192 -9.04546 4.98124 
3073 -99.05 -99.05 -0.848976 -0.0243691 
652 -5.33742 0 -0.04 -0.0496 
2816 -83.3443 -0.05 -99.049 -98.3911 
3330 -99.0498 -99.05 0.0794665 -97.6432 
3844 -101.599 -19.7232 -83.2302 -98.9169 
1410 -9.05 -83.187 83.9827 -12.8103 
328 90.4784 -9.05 -0.0255536 -0.0132864 
262 -0.05 3.7614 0.5964 -0.0802788 
776 97.3447 0.121993 -71.3016 -22.5595 
1804 19.31 18.6552 -84.0935 -80.452 
2115 -9.0471 -9.08134 0.0792801 16.2395 
1033 19.5076 96.1367 -0.0500004 16.1295 
3089 -99.05 -99.05 -0.0500697 -9.05 
384 -9.05 -0.05 -0.0490384 0.338484 
641 -9.05 -0.2096 -0.0396635 0.627635 
1552 -0.05 -16.8444 -97.1111 -9.13069 
2066 -0.0500021 -0.056384 3.18291 -9.05005 
2580 -78.6384 78.6418 -98.5156 -9.08192 
1030 -0.05 -0.0512768 3.18325 -0.0512772 
2112 -9.05 -9.848 -0.05 -0.0498345 
1676 57.8957 0 -35.9993 0 
3840 -110.947 -19.85 -99.0447 -97.4402 
264 6.7693 -0.0499958 -0.0819653 -0.0499639 
1062 -0.04 -0.04 -7.24 -0.048 
521 97.5017 -0.05 81.4016 0.75675 
2374 -95.24 -5.58245 0.0792832 -82.448 
1292 19.0322 -59.7232 -0.0500001 -1.88517 
2577 -3.21906 -0.05 -95.5894 -9.05 
778 85.9805 -0.05 -17.6169 -56.3043 
266 79.2874 -0.05 3.182 -0.05 
1321 82.1551 -65.3571 -8.8476 -9.486 
780 3.8587 102.654 -81.3001 -82.7173 
2065 -0.2096 -0.05 -0.0512768 -9.05 
1061 -0.04992 -0.049984 -7.24 -0.04992 
520 3.83735 -0.05 -0.277748 -0.0512768 
2116 -5.97147 -9.04984 -0.0499649 -0.209907 
1034 0.93033 0.0979201 -0.0749036 -0.05 
2576 -0.0500422 -0.05 -19.8491 -9.05025 
2630 -80 0 -0.04 0 
2089 -0.209584 -0.0499968 -8.038 0 
1548 16.097 3.36598 -69.204 -0.0502554 
1318 -0.048 0 0 0 
777 93.1929 -0.0500004 -82.8108 -83.3327 
1795 -0.838194 -79.24 0 -79.248 
2336 -95.09 -0.05 -9.05 -81.1894 
649 -6.07811 -0.05 80.7552 -0.0486178 
3097 -95.24 -98.8915 -1.19281 0 
392 -7.29781 -0.05 -0.05 -0.05 
268 3.85963 90.4123 -0.05 -0.05 
1553 -0.0563995 -19.4071 -12.0374 -9.04615 
528 -0.2096 -0.05 -9.05133 -9.04986 
2070 97.7147 71.0523 16.1102 -9.04942 
532 -0.05 66.4498 -9.05 -9.02784 
1560 16.8611 -9.812 -67.011 -8.97304 
1046 -0.0496 -0.04992 -0.048 -8.9776 
908 2.6512 84.0137 -98.288 -79.24 
3072 -99.05 -99.05 15.3397 -0.848972 
3586 -95.7872 -95.882 -98.2587 -0.2421 
3329 -82.5778 -95.1217 -0.912652 -0.0891535 
2122 -7.24 -8.688 -0.0489656 -0.04 
1040 -0.05 -0.05 -0.05 -9.85443 
2068 139.81 76.3143 -0.0134472 -9.05 
3096 -99.05 -99.05 -0.881238 -6.38733 
1160 -6.00481 -5.59534 -0.0563856 0.0232066 
3094 -80 -95.088 0 0 
389 -8.688 71.6385 0 -0.0496 
1420 -7.24 3.66111 0 0 
3584 -99.05 -99.05 -99.05 -0.0498308 
3841 -99.05 -98.9244 -99.05 -19.8437 
1286 -0.0500106 -79.2512 16.1152 -83.0782 
2368 -95.45 -9.05128 -0.05 -99.049 
2341 -80 78.673 0 -7.24 
1800 31.5216 -66.7364 -76.5233 -78.9061 
2882 -8.688 -9.486 -79.24 -105.62 
2084 17.507 98.3078 -9.05 -0.0884323 
2625 -9.05 -9.05005 -99.0196 0.622463 
644 -8.6574 18.8569 -0.0499956 11.394 
1672 -6.32116 -5.51533 -4.00386 -0.749797 
1044 -0.848053 -0.05 0.108381 -6.45674 
1922 -9.21076 -95.088 -79.8849 -79.24 
840 99.7554 -9.05082 -25.0936 -23.484 
536 3.53895 -0.05 -9.05001 -8.44493 
1161 -8.33443 18.8352 -0.0500526 -0.0448287 
3609 -80 -79.24 0 0 
904 55.8503 -0.05 -47.3342 -99.0301 
1418 7.97057 -92.4502 0.114614 0.575231 
1541 -0.05 -0.176781 -99.0236 -0.0499997 
2082 -0.05 -0.0500511 -9.04997 -0.0512768 
291 -0.0499994 -0.0499994 -8.688 -8.688 
832 -0.0505656 -9.05 -100.318 -100.088 
2083 -0.04992 -0.0499994 -8.688 0.0792801 
1542 -0.05 71.6711 -3.248 -0.0563808 
2624 -23.4776 -9.05 -83.21 -0.05 
2340 -98.9994 2.8801 -9.05 -12.4996 
2881 -23.7714 -9.05 -98.8915 -99.0793 
582 -0.850852 68.684 0 0 
1664 -9.05006 -84.5093 -80.0677 0.189244 
298 96.5263 -0.0499968 -9.04998 -9.05 
1921 -9.05 -108.082 -108.49 -108.622 
2821 -98.4294 62.6561 -99.05 -99.05 
3362 -99.05 -99.05 -9.05 -99.05 
1049 -0.0454495 0.622057 -0.0503021 -9.05 
1156 -9.05 -9.05 -0.0502558 -0.05 
642 -9.05 -0.05 -0.05 0.0438372 
3090 -99.05 -99.05 3.18221 -9.21603 
385 -9.05027 -0.05 0.457191 0.0394973 
529 -0.05 -0.05 -9.07968 -9.04932 
1162 135.933 -8.59321 3.85426 -1.01245 
648 -12.3788 48.8262 -0.848 0.045071 
1666 -8.688 -95.4095 71.9923 -0.296427 
584 89.9945 -9.08192 -0.0336028 -0.0467881 
1324 -0.04 92.9652 0 0 
837 -0.081842 -7.24 -79.24 -99.048 
296 102.237 -0.05 -9.05 -9.08192 
290 -0.05 -0.848 -9.05 -9.02629 
1032 97.6504 84.5807 -0.0499636 -0.08192 
2114 -9.05 -9.05 16.5997 -0.0492573 
2073 -0.0496 -0.0496 -0.0496 -7.24 
1041 -0.848 -0.0512768 -0.0776698 -9.05 
1066 18.2363 20.0662 -9.0471 -0.0500021 
1290 90.2044 -12.9022 -0.0239355 18.5316 
2372 -12.6257 81.1733 -0.05 -19.2164 
2088 -0.2096 -0.05 -9.05639 -0.05 
2629 -80.0029 50.5755 -80.0103 -0.0496 
773 -0.0500596 83.9822 -99.05 -99.05 
1314 -0.0502571 -100.168 -9.05 -81.8544 
394 -5.57627 -0.05 96.9113 0.627429 
524 3.08194 98.3463 -0.2096 -0.056384 
1065 16.1331 3.18915 -9.05026 0.596451 
3360 -95.882 -99.05 -6.87449 -98.9118 
1042 -0.05 -0.0500021 18.2566 -9.24151 
2124 84.0153 65.7373 -0.0496 -0.04 
