28 80.76 0 0 0 
69 0.435 0 0 -0.04 
22 -0.04 11.8448 0 0 
131 0 0 0 80.76 
3596 -60.8646 -79.24 0 0 
1932 75.6407 0 0 0 
2892 -7.24 67.4989 -79.24 0 
138 -79.24 82.5502 0 -0.04 
18 -0.048 -0.0496 109.334 -95.088 
2586 -0.048 -0.04 -8.038 -7.24 
25 16.112 94.3351 0 0 
137 -79.24 -0.04 0 0 
68 -0.04 -95.088 2.39182 -0.0496 
17 -0.0499999 -0.2076 -98.2576 -95.088 
2377 -7.24 -8.688 -0.04 0 
3370 -92.9223 -98.2576 -9.05 -79.24 
1669 -9.08018 -83.93 -98.8915 0.5964 
66 -0.04992 -95.088 -0.04992 -0.0496 
26 75.4481 0 -0.04 0 
1930 68.9168 0 0 -99.0183 
2579 -3.85152 -0.05 -79.24 -8.9776 
12 99.6437 97.0714 -0.0512736 -0.05 
3846 -98.2576 -98.2576 -95.088 -95.7565 
3340 -78.8035 2.31305 -0.838 0 
1674 -8.24224 54.3635 -95.1332 -0.241799 
1413 -7.24 -7.24 -0.049984 0 
2890 -7.24 0 0 -79.24 
129 -95.088 -0.6836 -0.049984 -0.048 
34 -0.0499968 -0.049984 -95.088 -0.04992 
3606 -79.24 0 0 0 
901 -9.05651 3.20791 -95.088 -99.0183 
1925 -7.24 -7.24 0 0 
20 0.492274 12.7446 -15.888 -79.24 
2346 -0.047974 -1.25338 -9.03552 -95.088 
3 -0.2096 -0.05 0.726729 0.105179 
2826 -76.9908 0.0611509 -3.24456 -98.4113 
1562 63.7349 -95.6202 -7.49626 -9.84088 
3852 -79.24 0 0 0 
65 -15.8896 -98.2576 2.81084 0.0794868 
1557 -0.05 -0.201882 -83.8576 -8.688 
2582 -82.2366 69.6344 -7.60942 -9.03552 
33 -0.05 -0.847984 -79.24 -16.0492 
3590 -99.0095 -81.9596 -0.0550769 -0.0499994 
130 -98.2576 -95.2421 -0.04 -0.04 
2588 20.1434 100.788 0 -8.688 
1555 -0.05 -98.2576 -9.0471 -8.9776 
2889 -7.24 -7.24 -79.24 -79.24 
2348 -59.7065 96.508 -8.9776 -98.3156 
2380 45.0213 80.5076 0 -98.2576 
1924 -9.90002 -23.4508 -98.894 -79.24 
842 77.6229 -9.04939 -98.2576 -99.0183 
531 -0.848039 -0.05 -9.05 -9.05 
1564 19.7428 99.5008 -80.2056 -9.0818 
10 94.4665 3.20139 19.3485 -0.0499917 
1324 90.7497 -0.04 -8.688 -1.67004 
3366 -98.8915 -99.0244 -8.688 -79.24 
2825 -13.825 0.0147733 -83.2049 -98.3909 
5 14.7998 78.1547 -0.0499984 0.0803185 
902 -9.0471 81.4016 -99.0437 -98.8915 
2581 -75.3056 16.7069 -99.0456 -9.05 
132 29.9021 -78.7888 -0.8476 -0.0496 
1417 11.037 -99.0454 -1.07507 -1.20986 
2373 -94.8737 8.19991 -0.0500021 -82.418 
1043 -0.848 -0.056384 16.9166 -9.05 
2090 -0.08192 -0.05 -9.05 -0.210877 
844 3.7126 -5.49564 -99.0498 -99.05 
1414 -9.08814 -8.76793 0.105136 -99.0437 
332 93.2994 84.16 -0.0500021 -0.0500531 
2378 -81.1195 -9.05 -0.024144 -19.723 
1157 -9.05 -9.05 -1.00888 -0.0487589 
906 -2.61484 -0.04992 -99.0183 -98.8915 
329 96.1293 -9.05 -0.05 -0.05 
1411 -9.05641 -83.2037 0.0780631 0.597692 
32 -0.848 -0.0500001 -99.05 -79.2276 
1046 -0.05 -0.08192 3.20809 -9.05025 
323 -0.05 -9.05 0.601519 0.0803142 
73 -0.04 0 -0.04 0 
1155 -9.05 -9.05 19.3733 -0.049957 
538 100.67 -0.05 -9.05638 -9.05003 
3084 68.4307 0 0 0 
3850 -98.9238 -99.0183 -0.207132 -98.8915 
1558 -0.04992 -0.048 -80.688 -8.688 
2067 -0.0500001 -0.2096 19.9895 -9.05 
3587 -16.6559 -99.0498 -2.35161 -0.05 
6 4.89696 -0.0438026 -0.0499915 -0.05 
3594 -99.0448 -99.05 -1.04771 -1.49178 
2632 -10.4234 -9.05 -98.9233 -0.0492173 
2570 -3.42537 -0.2096 -0.240014 -0.0512768 
579 -0.05 -9.05 16.1113 0.623506 
1158 -9.05 -9.05 80.9051 -0.0885746 
16 -0.0512768 -0.05 -16.0221 -99.05 
2121 -9.05128 -9.05 -0.848073 0.596613 
24 15.0529 81.648 -79.2499 -99.0437 
64 -98.3847 -99.0817 0.542842 -0.0495118 
325 -0.05 9.47942 -0.0841848 -0.0502706 
3094 -99.05 -99.05 -0.0499898 -9.04942 
389 -9.05 80.1296 -0.0500123 -0.0512768 
646 -9.05 0.725306 -0.0500102 -0.209597 
2636 -5.2682 -5.56288 -99.0183 -0.0499994 
1554 -0.05 -80.0167 -2.6204 -9.36332 
9 16.6692 90.6885 -0.05 0.0805227 
128 -99.05 -3.21948 56.9965 0.45246 
3337 47.4854 -99.05 -0.227038 -0.646182 
841 95.6704 -8.9776 -98.2576 -99.05 
300 75.8535 100.144 -9.05 -9.85443 
1050 16.4125 81.9059 0.726911 -9.84929 
2578 -95.1024 -0.0500021 -8.99231 -9.05 
1418 -8.45514 -82.9834 3.27766 -79.4019 
1045 -0.0502942 -0.05 -0.970973 -9.05 
136 -98.8915 -78.047 -0.0598822 -0.0499968 
2584 0.541708 -0.742556 -84.6454 -9.848 
643 -9.05 -0.05 19.3744 0.595444 
3114 -98.2576 -99.0183 -9.05 -1.2083 
2069 12.3111 89.0214 -0.848012 -9.05 
2345 -79.24 -0.0496 0 0 
2886 -80.688 -9.0471 -95.088 -79.24 
1804 16.439 89.9209 -83.2098 -95.2474 
1561 88.5429 19.8423 -96.0316 -9.05 
3610 -66.9325 0 0 0 
905 2.79585 0.00803952 -99.05 -99.05 
3845 -98.9233 -85.8704 -99.0499 -99.0449 
3333 -99.0449 -95.882 -0.05 -0.05 
540 18.5544 18.2807 -9.05 -9.05026 
3112 -99.05 -99.0501 -9.05133 -0.0462375 
1285 -0.848 -0.05 -0.05 -16.8479 
3368 -20.4201 -99.05 -8.58612 -81.8207 
3098 -99.05 -99.05 83.9454 -10.0495 
393 8.6786 -0.0499946 -0.0500219 -0.848 
1929 25.0738 -99.007 -99.0437 -99.0437 
2585 -79.1302 -0.0500001 -99.0183 -9.04998 
898 -9.05027 -0.05 -99.05 -99.05 
3369 61.7669 -79.24 0 0 
2828 81.5355 17.0624 -98.9223 -83.2049 
294 -0.05 19.7313 -9.05 -9.05 
534 -0.05 80.5955 -9.05 -9.05 
1556 -0.0832359 -0.05 -1.70582 -9.21599 
321 -0.05 -9.05 -0.05 -0.0504496 
2117 -3.45583 6.08735 -0.0819829 0.623499 
1673 77.3821 -84.6478 15.1791 0.718258 
2316 67.8565 16.1402 -0.05 -82.55 
3589 -99.0503 -79.9153 -99.0247 -0.0499999 
3604 -99.05 -99.05 -98.2961 -9.05 
3364 -99.05 -99.0196 -9.05 -96.0497 
1052 90.6846 3.31686 -0.0500002 -9.05 
530 -0.0828904 -0.05 -9.20492 -9.04915 
3842 -98.9355 -95.882 -83.1836 -99.05 
1161 -8.78452 63.1927 -0.0504539 0.0901796 
3096 -99.05 -99.05 -0.0532754 -8.9487 
536 116.696 -0.0819302 -9.05 -9.03192 
2074 -0.05 -0.05 83.982 -9.88635 
298 31.0717 -0.05 -9.05 -9.05 
1921 -9.87227 -95.6002 -99.05 -99.0498 
2076 20.1497 88.8336 -0.0502656 -9.05 
2888 -9.55098 -9.05 -99.0183 -79.8835 
537 75.233 -0.0500511 -9.05 -9.05 
3849 -18.6142 -99.05 -99.05 -16.5249 
1316 -0.848002 -15.89 -9.05 -98.4104 
533 -0.05 1.2261 -9.05 -9.05 
2070 74.8629 32.9488 3.18221 -9.848 
2884 -21.0378 -9.05 -99.05 -98.9233 
1802 66.6214 -72.8587 -95.882 -99.05 
1066 3.5787 17.8767 -9.05 -0.0563842 
2307 -95.7541 -0.210914 16.7872 -0.024103 
2633 -8.7591 -9.03552 -98.8915 16.1557 
2092 89.512 3.86059 -9.05 -0.0500001 
3082 -99.05 -99.05 -0.0447721 -1.04592 
40 106.52 2.9435 -99.0437 -0.0496 
581 -0.05 -6.59361 0.656523 0.601579 
1670 -7.24 -0.048 0 0 
588 18.4538 80.4976 -0.0819302 -0.246373 
3334 -83.21 -99.05 80.7759 -19.2164 
2314 -0.0555824 8.33066 -0.0241925 -0.0294578 
532 -0.05 95.8225 -9.05 -81.0464 
2819 -95.088 -0.05 -0.04 0 
3360 -99.05 -99.05 -9.05493 -95.5364 
1049 98.7434 19.5031 -0.0500531 -9.05 
1793 -0.0500124 -99.0498 -99.05 -83.21 
2050 -0.05 -0.05 -0.0241355 -0.0697705 
1536 -0.0505005 -83.2098 -95.0872 17.3072 
3592 -95.3439 -99.05 -98.9182 -0.0499932 
3078 -99.05 -99.05 100.148 -0.05 
771 -75.5957 -0.04 0 0 
1312 -0.05 -16.682 121.131 -3.69385 
2881 -24.17 -9.05 -98.9233 -95.8767 
2340 -15.1288 15.1969 -9.04999 -95.4049 
580 -0.0563942 62.7675 -0.0500511 -0.848 
2113 -9.08192 -9.05 -0.08192 0.601826 
1797 -0.852889 -1.01651 -99.2083 -0.279217 
2338 -3.218 -0.05 -9.05 -96.0193 
1410 -9.2096 -27.847 83.9466 -63.9349 
328 76.344 -9.05 -0.05 -0.05 
44 -0.04 0 0 0 
1667 -9.03552 -95.088 0.207823 0.751585 
585 81.015 -9.05 0.623348 0.105138 
2817 -3.85925 -0.05 -99.05 -98.2894 
3074 -99.05 -99.05 0.105136 -1.0395 
396 6.75506 89.8626 -0.848001 -0.0500001 
2560 -79.3767 -0.05 -99.05 0.289537 
3588 -98.4164 -98.9232 -98.4164 -0.05 
3331 -4.00489 -3.35101 -0.0489103 -12.5302 
2309 -19.7932 0.571916 -0.0500514 -0.17672 
3080 -99.05 -99.05 -0.0500131 -0.241853 
1281 -0.2096 -98.4162 45.5 0.165672 
1024 -0.05 -0.05 -0.0819201 -0.0500474 
2052 95.3058 14.3264 62.5674 -0.05 
1538 -0.848 -99.05 -65.805 -0.331892 
3107 -99.0498 -99.05 -9.05 0.601612 
2566 -83.3686 94.561 -0.0500081 -0.848 
3365 0 0 -7.24 0 
2824 31.7631 -0.05 -82.551 -80.0359 
768 -0.0517457 -0.05 -99.05 -99.05 
1025 -0.0500511 -0.088304 -0.05 -0.030261 
2053 19.6991 98.7991 -0.0500026 -0.0489654 
1282 -0.05 -79.9165 16.1152 -3.65996 
3338 -98.9988 -99.05 0.0779629 -98.4139 
2310 -77.7621 13.3709 -0.0241026 -19.85 
3081 -99.05 -99.05 -0.253034 0.227015 
3332 -99.05 -16.682 -0.0502057 -19.8234 
140 -79.24 0 -0.04 0 
2304 -0.709958 -0.05 -0.0499997 -16.554 
2561 -0.17672 -0.05 -99.05 0.210221 
2818 -83.1793 -0.05 -19.186 -99.05 
3075 -99.05 -99.05 3.95651 0.601561 
2064 -0.05 -0.05 -0.848 -7.13069 
265 100.765 -0.05 -0.08192 -0.0563841 
8 25.8524 17.2183 -0.0498018 -0.05 
522 27.2367 -0.05 -0.05 -0.05 
2118 3.4696 29.4192 0.0792817 -0.0500102 
1036 110.69 67.5515 -0.05 -0.0515346 
387 -9.05128 -0.05 80.5997 80.6193 
3092 -99.0503 -99.05 -0.05 -9.05 
2339 -82.4176 -0.05 -9.0471 -80.9776 
1798 -1.04333 -0.209806 -79.3828 -99.0504 
2880 -81.0777 -9.05128 -19.7233 -83.1847 
288 -0.0502557 -0.05 -9.03553 -6.34968 
2885 -84.5242 4.96443 -95.088 -19.0576 
2344 -98.2653 -0.05 -9.05 -99.027 
2305 -95.8567 -0.05 -0.0500102 -16.0167 
3076 -99.05 -99.05 -0.05 -0.05 
2048 -0.848 -0.05 0.450939 0.528312 
2562 -15.9205 -0.05 -0.683577 -0.0499987 
1320 82.8248 -97.8865 20.4429 -84.1038 
320 -0.0500004 -9.05 77.3399 0.434742 
36 81.4257 -0.048 0 0.680145 
577 -0.0828981 -9.05 0.0855286 -0.0448205 
293 -0.0563861 3.3372 -9.04998 -9.05027 
834 -0.975728 -9.05 -99.05 -99.05 
2376 -6.27173 -9.05 -0.05 -19.0897 
1 -0.08192 -0.05 -0.0448288 -0.16726 
258 -0.0563861 -0.0831968 83.983 0.601623 
2341 -71.0062 81.3304 -9.05 -1.8471 
2882 -5.79513 -9.05 -98.4103 -99.05 
1800 97.8905 -98.8305 -98.3083 -99.05 
1029 -0.05 -0.05 -0.0515832 0.719503 
1313 -0.0500511 -20.6489 -9.84999 -22.9416 
772 -0.05 58.698 -99.05 -99.05 
2057 -0.0563842 -0.05 -0.0513417 -0.0499917 
2368 -98.9337 -9.05 -0.0460707 -79.2754 
1286 -0.08192 -1.07029 -0.024144 -98.7687 
2 -0.05 -0.209794 80.8781 0.0803142 
2058 -0.05 -0.05 3.18324 -0.848 
2626 -98.9292 -9.05 -82.5447 -0.0320174 
2085 16.8821 97.5877 -9.08192 0.601573 
1544 85.3582 -93.0922 -98.2401 -0.05 
3113 -99.0499 -99.05 -10.0526 0.0706407 
2572 -66.6422 93.9042 -16.6818 -0.0500004 
259 -0.05 -0.05 4.56227 100.147 
3600 -99.05 -99.05 -96.17 -6.31998 
256 -0.247305 -0.05 -0.0458408 0.0462153 
513 -0.0500102 -0.05 81.3964 81.2424 
770 -0.050073 -0.05 -99.05 -99.05 
1284 -0.0500102 -79.246 -0.0500001 -16.8838 
2312 -0.055642 -0.05 -0.0500102 -19.2113 
1027 -0.0512768 -0.05 -0.0435857 -0.0499997 
3110 -99.0437 -99.0437 -9.05 -0.04 
2569 -3.02955 -0.0512994 -99.0247 -0.05 
3088 -99.05 -99.05 -0.206031 -9.04918 
261 -0.0500007 74.4823 -0.0503065 -0.05 
4 93.2892 3.82944 -0.0500509 -0.0499951 
2060 83.8027 100.292 -0.0502554 -0.05 
1059 -0.05 -0.05 -9.05 19.3153 
518 -0.0500645 18.8136 -0.848 -0.05 
2371 -84.0423 -9.05 0.726921 -0.048 
1289 87.7891 -81.2794 -7.68954 -0.250586 
1539 -0.0500511 -83.21 -2.57799 79.9845 
2080 -0.05 -0.05 -9.05 -0.0500102 
1796 -0.0500515 -79.2564 -83.3888 -83.0579 
2337 -95.8567 -0.0512768 -9.05128 -81.681 
3108 -99.05 -99.05 -9.05 -0.05 
1064 19.7048 19.982 -9.08858 -0.0472997 
3601 -99.05 -99.05 -99.05 -9.05 
896 -9.05 -0.05 -99.05 -99.05 
1153 -9.05 -9.05 -0.0487536 -0.0499997 
769 -0.0500102 -0.05 -99.05 -99.05 
512 -0.0500511 -0.05 0.291349 -0.0472617 
2054 20.1028 23.794 3.182 -0.209639 
1026 -0.05 -0.0500021 96.9102 -0.0500001 
2081 -0.05 -0.05 -9.09335 -0.0499824 
1540 -0.05002 -3.97832 -98.4164 -0.046122 
3109 -99.0563 -99.2094 -9.05 0.5964 
2568 -3.08825 0.00801957 -15.5163 -0.0566394 
1283 -0.0500511 -19.8498 107.671 15.9464 
2563 -79.8899 -0.05 -62.4446 -0.0489161 
3104 -99.05 -99.05 -9.21114 -1.86278 
1048 0.0228164 80.3417 0.369617 -9.05 
3097 -99.05 -99.05 -0.217823 -9.04994 
392 9.23457 -0.0500001 -0.05 -0.0492725 
649 -5.69656 -0.05 -0.0189645 16.1587 
326 -0.05 5.50923 20.1179 -0.0243993 
1408 -9.05 -95.594 67.2914 -1.00127 
42 60.57 80.76 0 0 
1665 -9.05026 -9.77908 -3.22409 97.0435 
640 -9.05 -0.05 -0.847098 -0.460985 
586 85.3471 -9.05 -0.050051 -0.05 
1668 -9.05 -9.05462 -95.1032 -0.2096 
72 -76.6171 -91.8576 0.53091 -0.0499968 
1154 -9.05 -9.05 -0.048323 -0.0554507 
3602 -82.4244 -83.0579 -24.3124 -9.27209 
897 -9.24843 -0.05 -99.05 -99.05 
3585 -99.0247 -99.05 -99.0247 -0.0448314 
1164 4.30334 21.5792 -0.0500102 -0.0499994 
3328 -4.00895 -99.05 -0.0897168 -99.05 
3077 -99.05 -99.05 -0.05 -0.0487573 
2049 -0.05 -0.05 -0.05 -0.0313343 
1792 -0.240243 -99.05 -99.05 -20.6428 
2306 -3.34492 -0.05 -0.0241409 -81.9247 
3361 -95.1215 -95.882 -9.35497 -10.0969 
2820 -92.8934 96.7395 -99.05 -98.9172 
3848 -99.05 -99.05 -99.0488 -99.05 
514 -0.0575407 -0.05 -0.0822673 -0.0499839 
0 -0.05 -0.05 4.68277 -0.0451495 
257 -0.05 -0.056384 1.77763 -0.0493395 
1028 -0.056384 -0.05 -0.0500021 -0.052532 
2056 -0.05 -0.05 -0.0499936 -0.0513347 
2313 -66.6223 -0.0500102 -0.05 -79.4416 
2083 -0.05 -0.05 -9.05 3.18201 
2624 -9.05 -9.05001 -95.8566 0.0607123 
1542 -0.2096 -3.24334 -0.0550688 -0.05 
260 -0.05 73.5578 -0.05 -0.05 
2370 -9.07396 -9.05 -0.049959 -95.882 
1288 21.4582 -98.0673 -0.05 -95.0902 
1315 -0.05 -98.4151 -9.03552 -8.9776 
774 -0.05 69.7361 -99.05 -99.05 
3841 -83.209 -83.21 -99.05 -95.8556 
1420 -5.31286 -5.61014 -0.854343 -98.8915 
3584 -99.05 -99.05 -99.05 -0.0498158 
2115 -9.05 -9.05 -0.0179386 -0.0229029 
1033 84.5327 16.8683 -0.0512768 81.3965 
262 -0.05 43.7872 0.826905 16.2664 
1317 -0.04 -0.04 -7.24 0 
776 97.1143 -0.0557966 -99.05 -99.05 
1160 68.2707 -8.9138 -0.0299064 -0.08192 
1061 -0.0512768 -0.05 -9.08192 0.0793213 
520 0.440439 -0.05 2.56804 0.0384291 
2576 -0.0550689 -0.05 -99.05 -7.06865 
1318 -0.0502556 -0.17672 -9.0471 -95.088 
777 61.12 0.796931 -99.05 -99.05 
2630 -99.0183 -7.90525 -0.04 -0.0496 
2089 -0.05 -0.0502558 -9.05 3.18718 
1548 80.9365 19.2696 -99.05 -0.0515833 
70 71.6906 -79.24 -0.048 0 
1152 -9.05 -9.05 -0.0499675 -0.0513215 
1409 -9.848 -19.85 52.553 -4.17734 
652 67.893 19.822 -0.0500515 -0.0512768 
2816 -0.203282 -0.05 -19.8498 -83.209 
3330 -98.4228 -99.05 -0.0496037 -98.4164 
3073 -99.05 -99.05 -0.0563844 -0.0329951 
3844 -99.05 -98.9233 -19.85 -79.3831 
2308 78.1299 16.1112 -0.05 -95.1154 
1537 -0.0563848 -80.0367 -95.7436 -0.0272262 
1280 -0.216907 -95.8556 16.1011 -3.24987 
3336 -98.8605 -99.05 -0.849039 -82.4256 
2051 -0.05 -0.05 16.2703 0.0803556 
3593 -99.0497 -99.05 -98.8969 -0.00690296 
1794 -1.01381 -99.049 -99.0447 -99.05 
3363 -0.04 -79.24 -7.24 0 
2822 13.5875 0.0831243 -95.8832 -99.0819 
3089 -99.05 -99.05 -1.06608 -9.05 
384 -9.05009 -0.05 75.5171 1.57148 
641 -9.05026 -0.05 -0.0429681 19.1826 
1030 -0.05 -0.05 3.95641 -0.855661 
2112 -9.05 -9.05128 -0.0563856 -0.0499978 
2369 -84.627 -9.05 -0.0500004 -0.0753846 
1062 -0.0502554 -0.05 -9.05 -0.0500021 
521 131.751 -0.05 16.11 3.18309 
264 16.6383 -0.05 -0.0287119 -0.05 
2577 -0.0500003 -0.05 -81.1676 -9.04982 
778 13.5237 -0.05 -99.05 -99.05 
2374 -81.5247 -9.04983 -0.0499983 -19.85 
1292 94.2579 84.5412 -0.854578 -0.71528 
2634 -0.04 -7.24 -0.04 -0.04 
1552 -0.0502656 -95.0913 -84.6991 -8.69349 
2066 -0.05 -0.05 -15.8898 -9.24149 
2580 -3.18714 81.3859 -99.05 -9.84896 
3608 -99.0247 -99.05 -99.0452 4.28038 
1044 -0.08192 -0.08192 1.05023 -9.05001 
2072 -0.0819318 -0.87992 -0.210877 -9.05005 
576 -0.05 -9.05001 -0.0129851 -0.0873051 
292 -0.05 3.71348 -9.05 -9.05001 
833 -0.335137 -9.05 -99.05 -99.05 
268 101.326 17.8678 -0.05 -0.05 
1553 -0.357115 -19.8488 -23.3341 -6.81546 
266 82.9863 -0.05 16.11 21.691 
1321 92.4014 57.761 -9.05159 -23.5111 
780 100.716 84.01 -99.05 -99.05 
2065 -0.0563841 -0.05 -0.051371 -9.05 
289 -0.05 -0.056384 -9.05128 -9.21088 
1060 -0.0500004 -0.05 -9.05005 -0.0499987 
2629 -12.4016 -9.04999 -95.8556 -0.05 
2088 -0.210578 -0.056384 -9.05 -0.0512432 
290 -0.05 -0.05 -9.05 -7.50822 
1560 82.4007 -61.5447 -81.7402 -9.05009 
528 -0.05 -0.848 -9.39947 -9.2096 
2124 50.903 34.905 -0.848039 -0.0500004 
1042 -0.0564351 -0.05 -0.0241027 -9.08192 
2122 -6.16611 -9.05 86.9222 -0.848001 
1040 -0.0500004 -0.05 0.399837 -9.05557 
2068 71.9322 53.9129 -0.0500021 -9.05 
908 68.7098 100.918 -99.2096 -99.0437 
3072 -99.05 -99.05 -0.217068 -0.969204 
3329 -80.1766 -98.4164 -1.06969 -4.0165 
3586 -19.7233 -98.4164 -0.428049 -1.13547 
2625 -81.0397 -9.05 -99.049 -0.0448288 
2084 100.663 73.8061 -9.05001 -0.0563488 
515 -0.05 -0.0500102 97.5271 -0.0448205 
1056 -0.05 -0.08192 -9.05153 -0.0512976 
1676 -5.4786 -8.87152 -98.8916 -0.0500101 
3840 -99.05 -99.05 -99.05 -83.21 
582 -0.05 63.0918 -0.0499994 -0.0499968 
1664 -9.05 -95.5928 -0.0560993 0.50617 
1032 2.87407 1.25317 0.0699968 -0.05 
2114 -9.05 -9.05 91.6886 -0.0514698 
1546 88.2582 -68.7153 -82.5807 -1.49651 
2628 -95.4788 66.0856 -99.0234 -0.05 
1034 20.0668 64.6161 -0.0429764 -0.0580187 
2116 -1.00449 -3.03549 -0.0500102 -0.05 
836 -0.0575419 -9.05 -99.05 -99.05 
322 -0.05 -9.05 -0.0448223 -0.0488099 
1672 71.6557 36.9516 -98.2631 0.78408 
644 -9.05 74.1756 -0.0499983 -0.05 
1041 -0.2096 -0.05 -0.0896008 -9.05 
529 -0.975682 -0.05 -9.0492 -9.05 
516 -0.05 78.5052 -0.05 -0.0499735 
1057 -0.05 -0.0500511 -9.05 -0.0241373 
1801 80.337 -83.1628 -99.05 -99.0247 
2342 -0.0449919 0.628146 -9.05 -98.907 
773 -0.214454 0.661097 -99.05 -99.05 
1314 -0.215869 -98.4228 -9.05 -8.49703 
645 12.9156 3.39728 -0.0435464 0.0792803 
1416 -6.33357 -98.9339 -0.873238 -0.210486 
3093 -98.2576 -99.0499 -0.05 -9.04942 
388 -9.05 82.6221 0.465646 0.0210671 
1322 92.0972 -69.354 -9.05 -83.8788 
524 97.4575 94.8366 -0.0500617 -0.05 
1065 84.6919 73.1444 -9.84805 0.601829 
1068 99.5489 84.1125 -9.05 -0.20969 
1290 83.7869 -44.9224 -0.0489658 -60.7791 
2372 -26.3542 4.71269 -0.05 -79.251 
324 -0.05 -8.27066 -0.05 -0.05 
3090 -99.05 -99.05 -0.0189642 -9.85382 
385 -9.08212 -0.05 -0.0500588 -0.0302719 
642 -9.05 -0.05 0.0473054 -0.05 
74 0 80.76 0 0 
1156 -9.848 -9.05 -0.0563918 -0.208759 
3091 -99.05 -99.05 83.975 -9.05 
386 -9.05005 -0.05 -0.0438043 0.72033 
3605 -95.088 -98.2576 -95.088 -9.04942 
900 -9.21603 3.18201 -99.05 -99.05 
1928 -2.04359 -79.7156 -95.882 -99.05 
1795 -0.04992 -79.24 -82.4176 -15.8896 
2336 -0.0500001 -0.05 -9.10423 -99.0498 
1922 -9.05645 -98.9301 -99.05 -99.05 
840 67.4351 -9.0491 -99.05 -99.05 
1666 -9.05 -99.0562 -18.0037 -0.210194 
584 9.45604 -6.59144 -0.0563841 -0.0499702 
2120 -9.05 -9.05 -0.0498866 -0.0486925 
578 -0.0838597 -9.05 1.73483 -0.08192 
517 -0.0500511 91.0549 0.0846584 -0.0499586 
1058 -0.106179 -0.0502028 -9.05 -0.0500102 
2627 -0.0496 -9.03552 -82.4118 3.85426 
1545 56.2406 -60.0394 -83.0812 -0.0448288 
2086 16.3548 84.3029 -9.05 -0.05 
1541 -0.05 -12.8871 -3.37632 -0.05 
2082 -0.0502554 -0.05 -9.05 -0.0502554 
394 98.6887 -0.0499996 3.3573 -0.0445803 
2564 14.5118 97.5564 -19.1911 -0.05 
3105 -99.049 -99.05 -9.28775 0.0844517 
2821 -97.7395 16.1108 -99.05 -98.4113 
3362 -83.21 -99.0503 -9.05 -93.1391 
650 5.98278 -0.05 -0.0500004 -0.0512788 
837 -0.050267 -8.9776 -99.0487 -99.0487 
296 101.111 45.0453 -9.04531 -9.05007 
1162 82.243 -8.95251 -0.0499586 -0.05 
648 -2.54014 -0.05 0.443038 -0.05 
1412 -9.05026 -9.20912 -0.854014 -95.8769 
330 89.056 -9.05 0.0856498 -0.0240927 
2565 1.37239 73.9895 -97.77 -0.0499917 
3106 -99.05 -99.0501 -9.04985 -0.0515446 
838 -0.0564228 -8.9776 -99.0183 -95.088 
297 52.0192 -0.05 -9.05 -9.05 
1920 -9.06138 -96.17 -83.21 -83.21 
2073 -0.05 -0.0512769 -0.906117 -9.05026 
832 -0.0523461 -9.05 -99.05 -99.05 
291 -0.05 -0.848 -9.05 -9.05 
390 -9.05 95.4276 -0.0499569 0.731058 
3609 -79.24 -99.0437 -95.088 -9.05 
904 53.9674 -0.000225812 -99.05 -99.05 
