2313 -40.4924 0 0 0 
2092 40 0 0 0 
1674 -2.4 0 0 0 
1669 -2.4 0 0 0 
3608 0 0 0 -2.4 
3594 -80 0 0 0 
643 -2.4 -0.649111 0 0 
3604 -80 0 0 0 
1324 80 0 0 -19.2 
2117 -42.4 -2.4 -0.944272 7.84 
1930 -2.4 0 0 0 
2579 -80 0 0 0 
1418 -2.4 -80 0 0 
534 -0.649111 -0.649111 0 0 
1285 -0.944272 0 0 0 
2380 0 -2.4 0 0 
1060 -3.0935 0 0 0 
1554 -0.396078 -80 0 0 
3096 -80 0 0 0 
1414 -2.4 0 0 0 
332 7.84 0 2.09573 0 
1046 -0.944272 -40.9443 0 0 
2376 4 0 0 0 
2 -5.24679 -1.65685 87.5264 -32.96 
537 80 0 0 -2.4 
2348 40 0 0 0 
530 -3.90366 -1.89959 -42.4 -2.4 
533 -1.56742 14.514 -42.4 -2.4 
3846 -80 0 0 0 
2578 -80 -0.649111 0 0 
2316 -16.7715 0 22.9166 -59.0114 
1066 82.3053 21.0474 0 59.8557 
2069 -36 82.7799 0 0 
906 -2.4 0 0 0 
1929 -2.4 0 0 0 
2070 -36 145.04 0 0 
1158 -2.4 -42.4 0 0 
321 -0.492422 -2.88 -4 0 
1155 0 0 0 156.8 
2120 -42.4 -2.4 -1.69684 0 
1921 -2.4 -80 0 0 
298 -0.944272 -0.944272 0 -42.4 
1 -1.27662 -40.7789 -3.69898 0 
8 71.3067 -3.65211 -1.78315 0 
898 -2.4 0.944272 -95.1388 0 
3092 -94.7408 1.65685 0 0 
1555 -0.649111 0 0 0 
2067 -40.6491 0 0 0 
2828 115.264 0 0 0 
901 -2.4 0 0 0 
540 4 0 -39.36 0 
2076 0 80 0 0 
579 -3.4336 -4.704 -36 -4 
3842 -232.089 -156.8 -214.297 -156.8 
1409 -2.4 -80 -0.757898 -44 
323 -1.65685 0 0 0 
642 -2.4 4.30433 -44 -4 
1045 -4 -40.6491 0 0 
3589 -80 -80 -80 80.2018 
1043 -0.649111 -40.6491 0 -2.4 
531 -0.649111 0 -42.4 0 
128 -80 0 0 0 
5 -1.65685 0 0 0 
4 -2.72047 80 -41.2156 0 
293 -4 0 0 0 
834 1.41226 -2.4 -80 -80 
649 -2.4 -0.944272 -36 80.8 
3077 -80 -80 4.66598 91.0653 
3107 -80 0 0 0 
2566 -36 161.354 -80 8.5738 
1673 -2.4 -80 0 0 
1928 -9.03921 -80 -99.575 -80 
3331 -80 -32.2816 84.4864 0 
2632 -42.4 0 -40.3961 0 
586 80 0 0 0 
1668 -2.4 -38.56 0 0 
297 4 0 0 0 
1920 -21.7056 -111.452 -101.256 -108.705 
2588 0 0 0 -2.4 
289 2.48105 3.53329 0.78702 0 
1665 120.467 222.728 -13.3122 395.955 
904 -11.4853 -12.2637 -80 -80 
1561 -0.649111 -36 -42.4 0 
1162 -2.4 -42.4 75.8557 0 
1797 -4 0 0 0 
2338 -50.4149 -4.0876 -4.704 -80 
1049 -0.944272 4.61184 30.3957 -2.4 
3329 -125.995 -137.927 -60.2575 -89.0194 
3586 -114.915 -80 -104.099 -47.036 
3075 255.135 282.573 685.516 655.483 
2304 -7.49364 40.5223 43.4728 -13.605 
3332 -101.314 -86.0046 1.76121 -97.26 
2561 391.947 608.507 509.165 625.797 
2818 -56.3311 -7.27696 -106.763 -106.731 
1793 5.21703 -85.4614 -51.2324 -80 
3592 -79.3663 -98.7005 -48.9267 0.538712 
1536 42.2893 -60.3945 13.5961 44.5797 
2050 515.868 582.967 582.879 566.628 
3105 -80 -80 224.522 386.526 
2564 399.61 516.899 348.221 458.114 
2307 248.773 161.254 268.37 280.109 
3362 -80 -80 -4.704 -42.4 
2821 67.4689 225.672 0 100.457 
3078 -80 -80 156.386 2.54758 
3112 -80 -80 -2.4 -0.284271 
2113 160.877 -2.88 -4 271.483 
2817 -58.0161 -1.79141 -101.112 -19.8702 
3588 -104.647 -96.4292 -64.8103 2.93174 
3074 470.764 533.548 543.202 510.755 
1792 17.5273 -56.8805 -80.1205 -79.0686 
2306 416.17 394.574 573.375 387.799 
2049 378.067 372.464 414.853 424.299 
2820 374.935 533.833 372.855 285.792 
3848 -385.562 -369.255 -369.255 -369.255 
3334 -80 192.669 276.744 0 
1560 329.76 50.7769 134.735 247.964 
532 -1.01584 146.187 72.6503 0 
290 -9.85338 -9.85724 -10.9429 -61.8516 
2068 389.876 582.614 512.134 274.57 
1040 9.60475 -38.5086 6.91878 5.68808 
320 -2.35536 7.40035 7.57219 -41.1609 
577 233.91 419.921 378.47 487.494 
833 -0.249031 -2.4 -80 0 
292 244.625 547.442 319.744 172.737 
1320 207.247 199.876 199.807 0 
2577 -38.8889 1.34787 -42.4 -3.01136 
1062 -0.944272 0 0 0 
521 547.805 561.614 520.172 647.61 
264 336.911 339.778 333.316 334.716 
1292 640.364 0 277.303 244.252 
778 461.496 0 0 222.017 
3593 -95.6062 -80 -80 78.8439 
1537 547.607 432.587 509.533 597.699 
3336 -97.894 -101.755 -7.1561 -103.573 
2051 573.561 598.374 610.642 670.309 
1794 -7.51726 -86.3949 -22.5979 -94.7292 
1280 35.212 -16.3204 30.6784 -65.958 
2308 248.075 404.949 261.886 244.534 
2822 28.32 157.568 -6.76337 0 
2336 -88.6729 32.2357 21.6999 -47.3241 
1041 13.9032 -47.3809 -4.41228 9.94123 
3073 639.662 577.086 462.904 625.044 
3330 248.239 284.682 339.148 304.434 
3844 -369.255 -311.752 -315.463 -369.255 
2816 -61.2943 22.5437 -8.53504 -71.8278 
3587 0 0 2.4 0 
2057 133.741 58.9543 186.027 329.449 
258 754.095 753.175 832.939 748.466 
1313 -0.944272 -40.9443 -2.4 4 
772 456.262 502.148 391.947 431.721 
1800 501.033 278.296 243.063 309.309 
1056 22.4539 -27.5437 15.3756 8.69271 
515 782.919 743.451 736.911 899.711 
2314 -52.3314 -1.65685 315.662 -35.3237 
1029 102.695 132.943 93.4581 214.336 
1154 -2.4 -27.6236 301.682 143.901 
640 5.40637 4.67646 -38.8316 4.16774 
3602 0 0 -42.4 0 
897 -2.4 -1.61555 -80 -80 
1281 4.48088 -81.645 3.44927 -55.3439 
3080 -102.429 -100.39 -3.63645 0.348716 
1538 10.8586 -55.3104 -47.2079 -6.39295 
2052 585.461 660.874 583.836 582.021 
1024 17.175 -30.7748 21.1557 16.5699 
3337 4 0 0 0 
2309 88.0421 166.379 0 119.591 
1027 296.46 394.772 418.862 477.679 
256 28.042 28.674 27.2364 -13.8684 
1284 -8.81364 -44.5052 -6.50861 -47.154 
513 711.576 708.865 694.148 922.277 
2312 -56.3685 -4.9922 -2.85233 -99.6666 
770 -2.09433 -1.31853 -103.428 -101.517 
3110 0 0 0 -4 
2569 -66.2371 0 -25.6529 16.7357 
576 7.03887 -12.4606 -39.8702 8.41757 
3089 -96 -80 -7.84 -6.91584 
384 13.7684 12.4599 18.6089 -24.5149 
641 511.77 506.256 500.942 503.662 
257 1.27296 -3.80415 -4.95684 -53.0479 
1028 7.64953 -45.9844 8.62743 7.50718 
514 4.40926 7.05489 -50.4464 1.50528 
2056 -55.6603 -8.12551 -3.63632 -9.4865 
2570 -76.16 0 0 0 
0 -21.0992 -65.8241 -54.2726 -3.9919 
1156 -2.4 -42.4 -0.649111 0 
291 -0.944272 0 0 0 
832 -16.1581 -19.9847 -109.984 -114.433 
2084 434.793 503.959 488.637 495.983 
2625 -42.4 -2.4 -80 360.208 
1286 124.856 -12.4933 300.26 -52.4933 
2368 -17.9216 -2.4 19.3936 -19.8964 
2064 -48.8297 12.2557 8.531 -2.65474 
522 396.814 139.433 226.981 246.811 
2118 -42.4 -2.4 87.5264 0 
1036 981.426 787.685 587.589 831.237 
265 218.394 54.2598 59.1927 16.521 
3076 -99.4041 -98.7116 -2.18032 -3.18069 
2305 -53.2067 4.70632 -7.35408 -72.9685 
2048 -10.3812 44.5992 33.8383 36.4169 
2562 -97.3642 3.31302 -90.9951 4.02798 
3333 -80 -80 -0.649111 -80 
3584 -65.45 -61.8573 -73.2492 38.1128 
3841 -230.528 -221.529 -230.528 -290.395 
2568 -55.2777 -10.6029 -53.2384 -7.84364 
512 28.9422 20.7142 -28.8666 20.9049 
2081 105.924 -1.65685 20.5991 598.027 
1540 -5.52272 -59.963 -54.1464 -2.24365 
1026 680.118 646.082 666.746 660.185 
769 4.69068 5.58829 -96.1041 -95.8426 
2054 711.432 694.967 807.646 677.231 
3082 -30.4313 78.7133 229.886 64.9196 
1283 -1.65685 -80 63.7085 110.446 
288 13.6311 22.2935 3.16698 -49.0776 
2344 -80 -0.0759914 0 -80 
1316 -4 0 -2.4 0 
266 890.5 751.061 834.732 712.466 
780 675.123 594.904 498.963 566.727 
2065 -52.0362 -2.16877 -7.84 -6.24819 
1282 458.092 478.986 506.594 437.861 
1025 479.36 425.508 463.563 465.14 
768 -0.847443 -1.83217 -92.4524 -96.1274 
2053 825.325 1017.17 729.585 800.933 
2310 340.835 433.644 340.562 303.514 
3338 -80 -80 235.235 -32.96 
2824 -81.1744 -69.7605 -128.561 -164.084 
3081 -20.8729 -21.942 -4 100.726 
2337 -40.9443 3.27237 0 0 
1796 -59.0084 -111.153 -136.964 -153.687 
520 373.008 312.928 275.277 319.591 
2089 -41.6569 0 0 0 
1548 527.503 371.298 -17.4309 197.943 
2576 -52.316 24.0326 -7.60266 19.1499 
385 -2.4 2.74531 0 0 
3090 -90.0416 -80 233.072 -2.4 
1318 0 0 -2.4 0 
777 162.216 0 0 -14.4313 
1058 1.02425 -40.4924 -6.89367 -7.92305 
517 610.42 612.664 650.937 629.729 
260 459.465 672.225 469.112 344.468 
2370 34.4495 -2.4 144.128 70.9295 
1288 474.332 372.392 464.42 452.724 
2627 -80 0 0 80 
2086 2.4 5.09862 0 0 
1545 650.897 355.424 458.328 599.101 
774 -4 159.597 -11.4205 0 
2884 -80 -16.7166 -80 -80 
1802 166.236 0 0 -12.3872 
1152 -4.1236 -48.1614 -6.03833 -4.11622 
1553 -4.42396 -40.4924 -52.704 -6.91584 
268 437.025 893.92 378.079 391.275 
3585 229.935 203.043 230.724 421.587 
776 592.217 527.745 456.845 473.597 
2115 -42.4 -2.4 80 0 
1033 802.171 622.012 808.1 817.927 
262 450.74 468.5 462.135 424.807 
2886 -42.4 0 0 0 
1804 80.8 0 0 0 
518 -4 322.004 190.647 0 
261 467.379 543.226 -0.944272 336.917 
2060 992.708 1056.74 1050.99 1046.89 
3088 -80 -97.8407 1.59102 -3.40464 
1289 85.2304 0 -4 -15.6926 
386 403.203 393.076 537.376 384.502 
3605 -80 0 0 0 
900 18.7203 109.517 -63.4896 -80 
840 287.34 -2.4 135.405 38.955 
1408 15.8224 -38.855 29.4676 -25.675 
326 1.96591 76.0223 86.5087 0 
3840 -1487.7 -1495.11 -1423.56 -1385.55 
2085 78.4 0 0 0 
1544 585.189 439.57 396.767 504.957 
1057 308.917 0 408.22 419.299 
516 372.737 445.672 363.562 375.314 
2058 -40.9443 115.302 558.429 -4 
259 552.652 568.848 767.281 373.688 
1314 -1.77654 -81.2116 -2.4 -54.0635 
773 -4 205.096 0 0 
2572 271.043 600.279 199.461 539.104 
3600 -80 -80 -42.4 -32.3748 
2342 -36 4 0 0 
1801 18.4627 0 0 0 
528 9.77939 11.585 -37.1381 6.03782 
2584 -80 0 0 -2.4 
1042 182.025 70.6404 362.061 -2.4 
1556 -4 -44 -42.4 -2.4 
393 -2.4 0 0 0 
3098 -80 0 0 0 
1030 308.14 276.888 459.468 121.574 
2112 -51.792 -5.77979 -0.636693 -8.37987 
2369 -43.0231 -2.4 -4 -40.16 
3601 -80 -80 -80 -18.448 
896 -11.1312 -8.32994 -106.855 -80 
1153 156.981 257.595 -4 330.098 
1924 -2.4 0 0 0 
2563 391.932 -0.492422 219.535 443.567 
3104 -94.0898 -93.9238 -0.711709 1.21409 
1048 687.79 494.106 671.236 654.381 
529 -0.677384 -6.80406 -57.2597 -7.36501 
2340 15.2906 325.968 0 150.886 
1312 30.6634 -33.039 17.2256 -37.0707 
2580 180.738 333.685 168.992 115.143 
1552 13.5616 -80 -41.9249 8.65825 
2066 454.503 215.232 543.415 0 
1541 323.942 373.308 -80 419.253 
2082 -40.6491 0.742464 -6.91584 -7.84 
392 -5.1648 -7.22505 -4.61938 -51.8062 
1539 -4.93257 -43.2474 -33.696 281.272 
2080 -37.9669 25.2813 6.59552 7.23375 
3108 -80 -80 0 0 
322 513.549 519.632 517.846 495.624 
836 -15.6531 -16.2804 -99.7883 -105.546 
1542 -0.331051 0 0 0 
2083 -41.6569 -1.65685 -2.4 0 
2624 -36.4649 17.8779 -57.804 34.313 
1034 649.692 537.551 549.07 635.344 
2116 -53.9529 -5.52407 -5.84591 -1.6152 
584 444.718 384.034 344.917 62.0537 
578 0.690888 -4.704 -44 -5.77938 
394 -2.4 -0.492422 156.435 -36 
3072 -85.7614 -95.3836 13.8557 -4.73652 
908 -2.4 4 0 0 
1410 203.089 163.694 360.539 0 
328 497.168 0 118.684 411.003 
585 81.568 59.008 0 0 
1064 461.83 254.002 445.739 117.511 
1160 -7.94363 -55.8111 -5.21314 -6.22511 
1546 22.6292 -63.4896 0 0 
2628 -80 -7.08418 -40.4924 -5.4423 
1032 630.63 473.288 330.325 546.745 
2114 -42.4 -2.4 311.318 0 
1672 0.809688 -80 -84.8363 3.92756 
644 136.946 264.417 193.796 204.747 
1322 -0.944272 -36 -2.4 0 
294 -4 0 0 0 
524 735.657 815.437 544.435 764.654 
1065 87.5264 0 0 140.167 
1290 511.33 479.185 588.108 520.171 
2372 -42.4 1.2425 5.68391 0 
3360 -96 -122.487 -24.7079 -110.103 
1664 23.7509 -18.5548 -18.0993 28.2094 
1161 -2.4 -42.4 -0.944272 -0.944272 
390 -2.4 -1.65685 152.137 -40.9443 
1050 228.704 0 172.871 0 
536 423.794 118.713 154.178 293.101 
2565 391.411 543.686 446.196 461.529 
3106 -80 -80 -11.0776 -11.5264 
324 -7.84 -6.91584 -8.912 -50.0021 
581 -0.944272 0 0 158.305 
296 156.135 124.749 0 0 
388 0 362.046 353.266 261.44 
645 0.16 4 0 0 
1416 -6.17645 -97.824 -1.92304 -39.4419 
2629 -42.4 0 -80 0 
2088 -44 -4 -2.4 2.78649 
1412 -2.4 0 0 -87.2094 
330 278.103 0 0 0 
648 -2.4 -4.09682 -46.7534 -1.78688 
2072 -39.0557 -6.20944 -4.10019 -4.704 
1044 -4 -44 2.36944 0 
580 0.165153 -2.4 -49.3751 3.71138 
3328 -72.0364 -73.1825 33.1839 -68.2963 
1164 -2.4 0 0 0 
2339 -80 0 0 0 
2880 -42.4 -29.036 -80 -80 
2560 15.1865 20.9503 -29.342 24.3672 
396 -2.4 0 0 0 
