2377 0 193.593 0 0 
1558 0 0 165.733 0 
21 311.014 0 0 0 
138 -80 0 0 0 
3612 103.397 0 0 0 
2892 307.646 0 0 0 
69 0 -80 0 0 
26 285.032 0 0 0 
3 273.677 309.983 0 275.582 
133 233.229 0 0 0 
137 0 -80 0 0 
1413 300.567 0 0 0 
2890 0 192.522 0 0 
1932 333.852 0 0 0 
2586 290.393 0 0 0 
3084 188.421 0 292.969 0 
24 406.444 248.679 194.32 0 
3114 142.232 147.551 334.514 0 
68 -80 -80 311.804 0 
1324 395.487 0 281.074 126.545 
1925 188.311 0 121.627 0 
1417 388.741 0 239.649 144.416 
3098 0 0 381.276 270.415 
393 326.359 217.497 299.097 241.065 
33 219.386 0 0 0 
3606 0 225.335 0 0 
901 250.741 0 89.5139 187.241 
2378 254.876 0 385.97 0 
2121 250.16 295.758 210.256 355.637 
2380 0 360.189 271.223 219.596 
1045 308.464 199.06 202.543 307.107 
1669 291.703 0 328.056 423.604 
66 280.72 207.646 304.115 273.877 
1929 399.291 0 0 157.687 
905 401.123 0 0 134.754 
3610 278.749 0 0 0 
844 309.968 351.139 192.928 110.032 
2889 0 0 0 199.822 
2348 302.425 301.895 0 222.092 
3596 0 43.6076 76.3015 0 
1930 373.061 133.886 191.908 209.861 
2074 213.771 266.539 274.612 0 
2579 193.21 340.979 0 0 
531 262.218 211.7 243.253 330.909 
2067 279.871 336.343 378.455 310.524 
130 -80 282.752 0 0 
2826 236.939 296.96 197.473 142.016 
3370 0 138.852 0 0 
902 231.852 373.602 0 164.63 
325 278.765 373.196 0 0 
18 219.006 0 322.409 0 
1046 272.006 0 309.522 261.38 
20 332.165 315.031 0 0 
1670 262.82 0 0 0 
588 343.259 288.22 240.2 288.902 
3604 136.081 218.31 39.1811 290.611 
1158 228.774 241.288 387.067 257.361 
132 -80 165.747 0 327.478 
2090 280.508 0 358.799 0 
841 361.638 231.952 204.581 111.333 
300 452.299 341.534 280.263 0 
129 -96 279.792 218.083 0 
1562 345.743 0 262.75 293.583 
6 393.722 303.229 270.227 264.213 
646 238.981 371.321 255.393 213.715 
2585 250.616 243.866 289.597 304.658 
538 316.487 281.663 171.748 218.744 
2073 205.385 247.915 0 352.074 
34 208.424 241.193 167.723 147.144 
842 419.921 0 141.639 196.206 
1924 142.54 0 269.044 0 
2313 235.792 246.044 320.321 240.726 
2588 339.676 321.688 166.735 0 
3608 197.07 132.195 177.797 276.724 
65 276.96 229.543 306.132 285.342 
3852 241.311 0 0 0 
1043 318.455 226.96 387.917 311.233 
1555 0 218.536 145.666 334.961 
389 268.547 338.379 254.255 259.729 
3094 129.637 138.895 430.753 209.453 
38 0 310.164 0 0 
579 339.001 250.285 251.923 393.972 
3594 232.181 161.04 192.815 303.828 
2373 240.988 0 0 0 
16 256.525 301.538 345.326 184.174 
2584 240.922 265.898 181.846 317.023 
73 314.552 0 0 0 
1155 294.674 297.517 400.58 334.735 
3590 140.757 118.741 244.004 159.054 
32 211.923 231.739 191.507 230.819 
650 393.596 235.511 193.179 266.862 
643 324.119 290.945 267.564 368.316 
5 269.839 389.068 328.104 309.542 
3845 161.006 112.317 199.094 136.692 
1673 294.79 180.205 156.518 375.841 
3843 172.199 0 0 0 
136 -80 90.352 0 328.668 
332 369.754 270.301 295.98 220.421 
1414 272.909 232.178 275.373 158.818 
1068 411.739 283.045 263.019 270.848 
1556 249.353 255.733 240.102 316.354 
897 162.112 327.722 146.114 137.014 
3602 143.065 176.816 257.92 0 
2076 327.433 350.643 329.936 246.542 
586 379.564 279.456 269.412 205.511 
1668 241.054 216.354 185.494 375.343 
3369 0 0 0 0 
2828 226.658 384.198 268.551 186.228 
3096 138.435 168.695 201.83 312.963 
1557 262.276 209.125 0 0 
3368 160.022 164.324 280.903 177.303 
1157 301.648 214.335 216.025 363.843 
534 253.073 381.925 0 0 
1564 354.017 285.762 0 274.375 
1066 374.899 282.027 281.387 268.477 
128 210.318 273.539 298.499 194.822 
10 288.61 297.176 275.098 299.945 
540 359.751 308.596 282.883 275.406 
293 199.612 0 0 245.53 
834 275.606 249.498 169.244 180.37 
1052 346.389 305.231 285.196 280.267 
533 292.045 398.782 278.383 271.361 
44 206.22 0 0 0 
1667 295.927 0 222.498 370.579 
585 307.491 278.783 364.182 380.836 
530 262.123 360.751 218.332 252.562 
3338 166.313 170.322 373.344 150.374 
906 366.137 253.942 115.155 0 
1316 260.126 211.689 364.822 213.115 
3846 144.885 238.304 137.26 144.7 
1161 304.893 275.948 283.735 417.282 
3587 247.059 161.98 265.701 369.766 
1162 337.321 281.834 301.243 250.096 
387 305.288 309.965 379.274 291.875 
3092 199.106 183.039 327.696 313.524 
1409 324.55 281.67 199.039 236.241 
1418 312.15 254.915 368.434 328.194 
1060 271.046 276.068 275.535 262.978 
3364 116.45 186.9 274.966 300.281 
2636 227.307 0 135.741 370.857 
1554 289.255 226.749 190.465 239.46 
390 279.79 446.583 350.49 363.557 
3849 109.769 162.547 79.837 0 
3603 0 0 0 341.268 
898 271.46 225.601 169.385 188.022 
1322 322.27 243.153 291.003 266.212 
1411 301.732 174.911 367.567 282.651 
329 409.511 201.208 219.716 234.492 
3850 96.8364 89.1855 0 135.286 
1928 357.194 197.962 215.65 178.554 
17 321.515 0 181.999 0 
3340 240.226 210.392 334.48 123.194 
2072 236.704 264.053 348.713 263.462 
1674 357.047 216.854 0 223.686 
3593 156.393 186.024 140.447 379.298 
1412 251.231 229.136 319.116 178.896 
330 362.67 270.119 314.342 332.666 
578 298.058 253.111 224.318 266.274 
2316 364.959 349.792 295.743 211.079 
1802 365.784 250.064 173.742 220.025 
2884 188.105 386.354 175.964 200.787 
2572 231.495 119.177 225.973 322.725 
3113 146.845 166.897 0 264.508 
1285 223.212 224.231 275.234 214.787 
2632 221.716 250.776 179.675 417.173 
2582 24.1558 391.894 0 272.565 
2070 321.64 360.82 366.783 259.604 
3337 190.511 140.536 198.261 252.583 
2314 243.583 311.181 388.807 226.58 
645 298.888 305.561 327.15 376.139 
385 272.406 271.215 284.053 220.045 
3090 215.107 189.403 385.76 254.473 
1318 309.922 81.4686 0 0 
777 375.714 283.523 158.686 155.227 
394 284.62 280.986 333.637 342.241 
2633 311.86 189.27 271.348 397.489 
2092 338.172 388.991 290.911 328.313 
2885 188.496 0 120.276 243.911 
2344 195.804 345.31 291.971 159.701 
2060 291.79 411.121 313.653 287.864 
649 333.351 285.919 272.026 464.164 
3077 163.99 166.725 256.983 378.023 
642 306.56 283.789 258.133 273.535 
2578 154.257 236.946 192.634 274.899 
2563 242.54 289.13 308.33 392.663 
3104 106.832 229.02 193.154 304.898 
1048 370.376 236.115 295.724 300.028 
2819 -22.2776 318.303 0 165.421 
3360 200.45 176.697 262.589 210.238 
1561 366.487 314.834 262.479 274.805 
837 302.148 0 0 132.697 
296 362.5 257.189 282.32 255.415 
2369 203.675 259.799 240.644 231.626 
1320 436.449 167.711 254.867 198.04 
36 319.146 0 191.876 272.489 
577 316.525 319.136 351.449 349.823 
320 341.999 258.392 280.14 257.633 
2376 221.831 265.383 257.359 193.741 
2888 -48 285.732 182.121 160.006 
291 278.886 238.026 320.24 237.896 
832 310.42 287.353 189.524 129.271 
2117 296.143 314.519 280.129 353.481 
580 283.891 294.909 232.286 234.263 
323 302.152 301.081 353.673 342.086 
324 310.194 311.273 374.686 256.721 
40 352.374 265.688 251.648 0 
581 283.073 371.855 282.039 354.682 
1049 458.465 272.952 331.316 312.161 
769 194.114 268.607 167.399 168.729 
512 331.508 272.633 229.606 272.911 
1026 292.809 246.555 426.108 274.658 
3109 101.234 153.597 0 407.391 
2568 235.316 401.436 220.807 254.111 
3082 176.024 184.361 406.827 286.232 
2054 288.349 357.293 278.046 298.319 
3366 171.511 0 0 196.206 
2825 231.844 344.345 197.316 207.417 
1283 299.645 246.267 390.219 288.394 
2817 212.493 360.113 173.181 254.539 
3588 160.582 144.63 200.468 307.951 
3074 199.504 201.822 374.092 256.121 
3331 203.172 282.481 383.63 315.113 
2305 151.152 297.634 252.301 211.019 
3076 194.388 158.81 243.455 332.983 
2562 223.703 275.48 228.538 261.972 
2048 226.907 261.478 262.298 366.719 
3333 205.68 142.984 281.249 204.037 
2051 252.67 330.286 379.58 331.756 
1280 328.383 223.735 260.601 230.937 
3363 189.594 0 0 0 
2822 205.03 347.739 197.129 250.257 
2308 158.186 389.65 274.78 244.806 
1794 288.197 235.255 163.865 183.663 
1537 307.238 279.123 211.685 413.536 
3336 225.628 155.076 319.643 186.368 
1922 258.068 195.03 138.061 143.01 
840 435.302 208.551 164.764 211.311 
3329 161.354 180.042 277.042 240.406 
908 353.543 354.937 190.697 236.054 
3072 148.357 189.625 299.858 269.865 
3586 168.894 151.155 200.832 277.405 
3075 207.61 208.221 333.362 360.658 
2561 216.601 310.97 187.769 357.94 
2304 264.06 278.963 260.216 172.518 
3332 136.152 164.693 273.629 220.621 
2818 182.419 282.495 231.379 174.048 
3589 157.114 216.975 275.637 376.153 
2083 250.34 266.911 366.414 314.45 
1542 289.01 170.283 198.143 228.852 
2624 215.833 246.266 211.497 348.683 
3110 0 0 380.054 269.421 
2569 221.183 315.663 199.202 375.506 
1027 311.139 231.907 368.292 366.618 
1284 239.629 202.248 342.177 224.678 
256 270.719 263.192 270.946 232.607 
513 258.093 284.922 303.461 322.183 
770 295.338 225.6 148.479 215.238 
2082 285.767 272.241 313.965 282.883 
1541 273.6 251.533 209.208 372.906 
2312 244.613 243.626 340.568 199.069 
1553 310.526 261.303 233.843 269.886 
268 322.876 350.356 302.423 274.13 
2581 284.636 300.062 190.631 330.234 
3585 201.418 227.028 202.112 320.23 
1164 357.892 298.571 269.986 318.746 
3328 175.692 199.09 265.074 209.838 
3842 114.8 64.1882 83.8988 160.25 
3088 178.374 182.208 263.288 269.208 
4 230.939 373.446 252.511 284.972 
2371 158.465 290.684 0 311.436 
1289 314.61 170.458 290.183 363.566 
261 295.048 382.279 300.019 249.716 
1059 290.941 219.243 383.852 0 
518 307.333 391.93 274.642 298.122 
3080 153.492 163.087 180.078 271.823 
1281 352.674 202.25 252.223 250.088 
1538 244.221 183.174 207.692 286.697 
1024 293.211 203.82 280.273 271.133 
2052 318.542 367.095 305.732 289.392 
2309 147.254 436.958 250.195 245.011 
326 281.518 345.032 293.652 296.038 
1408 271.624 194.885 239.196 197.098 
42 229.105 0 0 0 
1665 273.88 247.518 129.611 366.493 
1539 290.979 251.913 292.496 401.194 
2080 259.004 256.609 259.85 299.562 
3108 98.0598 181.503 311.755 243.286 
1064 467.899 299.799 269.67 323.585 
641 251.678 274.1 278.083 371.145 
514 312.451 250.744 200.6 252.582 
257 241.366 305.776 253.788 225.77 
2056 240.271 253.281 303.021 255.374 
1028 277.838 272.418 270.295 251.496 
0 254.672 242.02 209.724 336.614 
2570 211.191 298.73 213.632 245.113 
768 260.966 201.544 177.911 154.446 
2053 283.67 372.012 257.003 339.812 
1025 332.483 258.584 269.541 327.07 
2824 218.566 170.321 160.598 155.933 
1282 247.301 215.707 371.453 178.909 
2337 222.033 256.961 262.077 265.491 
1796 234.318 232.445 143.977 184.015 
2310 313.855 373.265 305.627 186.546 
3081 226.632 167.867 281.427 365.412 
260 280.577 398.539 287.514 283.182 
2627 257.83 263.468 349.72 390.064 
2086 289.02 354.105 308.397 269.998 
1545 387.465 290.366 310.231 349.379 
1058 255.217 262.71 311.462 272.875 
517 270.858 388.448 301.856 337.043 
1315 284.436 194.611 0 237.598 
774 259.208 385.876 188.207 179.091 
3361 169.853 230.258 251.427 197.467 
2820 159.526 369.736 242.968 199.752 
1792 270.551 175.94 175.966 185.029 
2049 225.662 270.255 264.386 370.392 
2306 179.631 280.061 357.856 227.017 
3334 164.58 284.26 394.344 259.249 
3848 53.4276 117.298 153.485 154.977 
322 388.874 282.795 345.96 251.712 
836 252.911 338.647 218.693 183.408 
576 266.902 266.598 223.19 341.552 
292 269.512 349.958 294.304 278.288 
833 313.585 197.973 155.329 125.247 
2112 274.106 247.05 276.854 296.207 
1030 289.996 236.898 352.317 292.721 
2085 353.571 376.017 253.971 422.653 
2626 207.286 258.863 236.075 262.622 
1544 449.427 316.086 169.894 318.264 
259 311.611 323.999 381.88 308.151 
2 253.245 281.609 311.322 249.624 
3600 209.68 221.118 130.972 158.167 
2342 272.013 340.211 268.408 276.663 
1801 384.589 282.119 140.693 176.719 
2058 199.547 280.335 432.803 292.698 
1317 240.087 0 0 0 
776 435.939 293.893 158.605 185.362 
2115 242.575 289.733 379.746 271.707 
1033 410.917 321.507 275.775 322.922 
262 310.528 405.31 359.462 313.646 
384 267.208 373.118 241.489 279.236 
3089 222.934 166.406 234.261 355.772 
2345 218.109 0 0 0 
2886 141.125 338.69 0 0 
1804 398.187 394.32 200.019 171.001 
70 282.439 0 0 0 
1152 282.018 246.743 252.057 287.585 
2057 234.067 280.241 298.396 431.706 
258 285.658 289.429 372.84 296.506 
1313 288.353 157.924 249.113 215.492 
772 285.781 399.734 211.303 174.385 
2341 271.673 407.986 265.343 210.653 
2882 177.215 292.421 145.035 154.046 
1800 399.018 144.853 162 177.383 
1029 252.849 241.173 282.017 386.603 
1 330.933 226.212 241.745 251.273 
3073 184.21 166.11 304.779 312.593 
3330 195.249 216.106 354.109 189.375 
3844 171.219 79.6164 161.109 87.5528 
652 387.856 298.139 239.899 287.76 
2816 246.978 276.144 190.731 179.879 
264 345.738 306.852 312.615 212.945 
1062 302.152 154.419 209.883 0 
521 399.886 292.917 350.988 342.669 
778 338.089 250.021 151.453 140.584 
2374 157.945 298.501 352.684 158.762 
1292 379.736 248.532 278.506 166.173 
2577 232.624 245.006 247.939 337.413 
640 283.045 249.475 248.529 234.319 
72 426.8 100.488 210.739 221.388 
1154 284.28 263.705 298.726 262.371 
3091 201.582 155.511 348.931 276.965 
386 279.044 265.22 358.222 333.315 
3605 0 127.382 162.276 374.989 
900 273.525 319.698 149.725 163.057 
2122 201.549 0 371.591 222.239 
1040 279.621 228.061 242.26 202.994 
2068 273.172 385.368 286.369 302.359 
12 82.5323 140.922 229.7 260.083 
532 279.925 326.16 245.508 279.116 
1560 338.691 272.572 222.773 267.21 
3105 181.586 166.369 292.101 413.83 
2564 234.454 403.53 188.335 303.132 
3592 178.513 223.988 154.005 264.629 
1536 341.103 188.564 190.261 264.585 
2050 248.524 368.53 378.808 261.584 
1793 323.146 290.764 170.483 171.854 
2307 130.88 326.208 370.952 316.76 
3078 142.304 173.952 318.82 267.966 
3362 182.798 165.922 334.84 252.021 
2821 185.452 327.566 161.023 272.767 
2634 149.639 0 0 0 
1552 254.257 167.224 154.339 288.51 
1065 322.306 308.474 272.075 350.951 
524 307.889 348.335 212.102 323.141 
2580 208.928 400.712 198.414 300.776 
2066 219.131 269.261 278.814 309.008 
536 311.421 271.676 200.194 264.416 
2565 273.334 306.94 322.325 350.134 
3106 256.567 162.223 443.984 279.946 
1050 302.059 254.86 361.846 244.873 
1420 338.678 202.04 291.625 121.373 
3584 191.27 197.191 190.645 293.655 
3841 71.0592 158.156 82.6526 263.818 
288 293.943 312.422 233.03 235.707 
1676 324.347 0 118.732 0 
3840 157.511 172.158 167.284 163.942 
1061 298.272 0 261.055 355.854 
520 368.163 278.737 310.96 273.825 
2116 257.278 377.16 282.989 300.043 
1034 408.871 313.575 314.149 302.782 
2576 188.353 240.486 218.838 297.449 
2630 261.948 320.816 0 263.068 
2089 240.82 232.007 269.848 367.81 
1548 392.268 312.573 189.935 285.176 
41 273.134 0 0 0 
582 267.479 0 187.693 261.052 
1664 232.103 245.431 238.341 281.643 
528 271.749 264.143 268.871 251.393 
2124 249.188 245.033 343.436 278.772 
1042 245.506 290.088 381.625 293.772 
1032 321.764 291.44 262.757 324.241 
2114 251.606 287.528 382.254 269.878 
1546 373.567 272.366 313.021 264.008 
2628 253.558 379.244 85.6046 284.155 
2118 255.655 267.458 321.271 255.126 
1036 339.005 294.314 311.055 261.368 
2064 240.098 297.62 243.928 287.458 
522 360.512 258.098 227.862 292.461 
265 360.531 276.425 267.946 221.508 
8 360.736 285.573 281.938 279.699 
2065 279.445 326.82 324.147 376.069 
266 332.886 269.586 361.187 310.574 
1321 0 160.8 257.688 209.771 
780 403.849 320.768 203.877 180.096 
9 277.752 224.909 336.396 305.533 
1795 269.746 0 0 173.091 
2336 209.21 234.118 366.599 235.365 
537 346.067 314.225 293.413 303.518 
2566 175.892 394.328 211.307 274.607 
3107 169.846 216.51 334.636 354.251 
3093 158.275 0 0 369.553 
388 244.297 398.322 290.171 243.405 
1416 328.467 249.329 291.736 144.2 
515 314.19 316.8 335.84 387.022 
1056 257.315 236.554 253.998 261.624 
3112 175.546 188.867 278.392 247.244 
290 289.178 278.705 336.35 255.023 
2346 207.465 280.444 328.17 0 
1288 355.007 284.581 279.183 188.961 
2370 200.762 312.953 331.952 229.67 
2113 239.326 340.232 281.002 411.76 
1286 307.652 258.849 353.419 179.23 
2368 259.385 250.53 368.721 204.456 
2084 285.445 359.107 278.325 278.169 
2625 205.578 258.568 201.846 325.612 
644 281.507 398.152 208.011 278.321 
1672 358.633 265.254 201.683 246.331 
516 280.997 411.18 236.471 285.634 
1057 293.878 293.205 251.54 378.184 
773 256.527 352.82 185.167 180.043 
1314 267.605 270.224 274.279 237.369 
328 330.142 301.917 255.002 308.93 
1410 274.186 250.779 360.501 284.733 
3601 234.003 188.669 242.669 343.408 
896 308.75 249.931 226.9 186.789 
1153 276.064 236.495 282.38 332.282 
1290 349.595 160.772 288.736 275.049 
2372 281.211 355.627 284.15 281.059 
2088 226.074 228.062 279.247 251.718 
2629 136.442 280.258 164.817 338.143 
838 268.883 320.249 0 0 
297 392.669 268.188 226.76 186.873 
1920 306.794 196.196 192.943 171.288 
1797 254.415 143.21 127.821 227.715 
2338 161.336 248.738 349.154 304.713 
1540 221.426 242.164 245.85 311.014 
2081 258.564 314.076 277.718 323.315 
1666 248.423 212.004 275.544 239.487 
584 409.985 280.402 225.412 273.724 
1160 326.878 248.378 280.834 281.49 
529 281.28 244.696 244.316 337.863 
64 130.434 0 232.466 230.594 
2120 244.848 281.105 342.88 251.314 
321 250.718 308.551 285.78 243.476 
2339 169.554 312.295 218.754 251.19 
1798 291.632 42.9504 214.299 133.775 
2880 65.2254 396.94 198.324 182.856 
294 306.561 411.018 299.413 311.61 
771 199.34 271.861 0 0 
1312 276.316 151.726 284.326 190.756 
2881 186.367 280.628 176.216 152.506 
2340 287.592 398.66 339.442 209.104 
289 241.815 305.222 265.061 230.382 
2069 298.013 347.362 190.387 295.031 
1041 317.914 291.723 249.888 274.173 
648 454.524 281.637 231.696 271.012 
3097 0 147.4 202.366 0 
392 366.976 281.24 273.013 271.991 
3609 159.088 102.211 164.748 0 
904 354.833 244.902 165.923 180.53 
1044 255.654 279.229 263.695 275.247 
74 -80 316.573 0 0 
1156 246.394 269.704 272.194 264.98 
2560 171.243 317.181 245.344 268.192 
396 302.01 331.001 348.974 277.689 
1921 216.863 226.77 164.645 143.424 
298 449.733 291.451 354.733 250.62 
