67 0 0 -0.04 0 
1932 66.6014 0 0 0 
3084 -0.04 0 0 0 
2586 23.6001 0 0 0 
68 -79.248 -79.24 -0.04 0 
25 0 80.76 -79.24 -79.24 
20 -0.04 73.4802 -0.04 -95.088 
66 -79.248 -79.24 16.112 -0.04 
1555 -0.04 0 0 0 
1930 76.56 0 0 0 
2377 0 -7.24 -0.04 -0.04 
33 -0.04 -0.04 -79.24 -0.04 
3340 75.1436 0 -0.04 0 
65 -0.04 -79.24 -0.04 -0.04 
130 -79.24 -0.049984 0 -0.048 
34 -0.04 -0.04 0 -79.24 
2888 -94.5413 16.2148 0 -0.04 
1674 68.9398 -66.1124 0 -0.842887 
2582 -95.0896 3.9032 0 0 
1562 94.1183 -64.1513 -8.18474 -8.688 
24 62.9673 0.945873 -0.048 0 
1157 -8.9776 -9.0471 -0.0563844 -0.0496 
3370 -95.088 -95.088 -8.688 0 
901 -8.9924 82.6773 -79.24 -99.0183 
1324 97.5146 0 -8.688 -79.24 
2826 -79.2496 -0.05 -79.24 -15.888 
2346 -79.248 -0.0499999 -7.24 -79.24 
132 -79.248 -63.088 -0.04 -0.048 
136 -95.088 -98.8828 -0.0512762 -0.04 
3846 -95.088 -79.24 0 0 
3114 -95.088 -98.2576 -9.05116 -1.0056 
325 -0.04992 6.2621 -0.04992 -0.056304 
129 -79.24 -0.04 -0.048 0 
1557 -0.048 -0.208578 -23.3776 -7.24 
1669 -8.688 -8.87368 -19.8183 3.182 
2348 -60.7891 30.3889 -8.8476 -79.24 
2889 -7.24 0 0 0 
9 1.85396 0.649968 -0.361201 0.110555 
1564 100.943 0 -79.24 -9.00952 
2090 -0.05 -0.05 -9.0471 -0.2096 
3604 -98.8915 -99.0183 -96.0546 -8.9536 
17 -0.04 -0.04 -0.04 0 
1043 -0.216015 -0.05 0.0881011 -9.03552 
906 16.1277 6.49929 0 -95.088 
2579 -79.2496 -0.048 -7.24 -8.688 
905 74.8165 -0.048 -79.24 -98.2576 
3366 -79.24 -79.24 -8.9776 0 
2825 -0.693951 0.055484 -98.258 -83.1783 
2076 81.0596 18.8764 -0.05 -9.04998 
12 -0.0512 83.982 -0.0496 -0.04 
3364 -95.088 -98.2576 -9.05 -95.3776 
2074 -0.0499999 -0.0499994 -0.0499997 -9.04942 
323 -0.05 -9.05 19.3482 20.1177 
5 1.87975 11.0265 0.615875 80.752 
1414 -8.84761 -8.03819 -0.04 -95.088 
332 90.3635 -6.02927 -2.60061 -0.0496 
3608 -99.0437 -99.0807 -12.6726 -9.84801 
2073 -0.847998 -0.05 -0.209623 -8.9776 
1929 -3.2288 -79.24 -95.088 -98.2576 
1045 -0.848 -0.05 -0.0499999 -9.03552 
38 -0.04 0 0 0 
579 -0.05 -9.04942 0.59769 20.0143 
2570 -78.6651 -0.05 -0.0502552 -0.0500001 
3594 82.3869 -99.0406 -2.16968 -0.0884289 
18 -0.04 -0.04 -0.04 0 
3369 -73.8182 -79.24 -8.03804 0 
2828 -75.2848 29.6377 -19.8497 -99.0487 
540 89.2507 73.5985 -9.05 -9.05026 
1673 -8.55797 58.3019 -98.9223 -0.0499898 
3333 -83.3642 -1.63383 -0.0541105 -74.3384 
2581 3.182 75.5668 -98.2576 -9.0471 
390 -9.05 92.5119 83.9874 83.3378 
1413 -7.24 -7.24 0 0 
2585 -2.65543 0.0049371 -7.24 -8.688 
1926 -7.24 0 0 0 
844 68.486 -6.5529 -95.088 -95.088 
1322 97.9623 -92.4619 -9.05 -81.1638 
3368 -92.2378 -99.0498 -9.20923 -92.8943 
3596 0 -0.04 0 0 
1068 94.006 33.1624 -9.05023 -0.0512769 
1556 -0.848 -0.2096 -24.1649 -9.04838 
2588 99.1247 0 -82.4176 -8.688 
1158 -9.2067 -9.05 100.142 -0.880009 
902 -9.22709 3.31203 -79.24 0 
2117 -6.05632 6.70632 -0.0512762 0.105214 
538 90.0643 -0.04992 -9.04988 -9.05581 
64 -95.2167 -98.2576 -0.0499989 -0.04992 
2380 -7.24 -8.44641 -0.0496 -79.24 
3587 -4.00366 -82.5761 -62.7363 80.8795 
393 74.5367 -0.05 -0.04992 -0.0496 
3098 -79.24 -98.2576 81.4601 -10.075 
2578 -3.87699 -0.0502554 -6.55769 -9.21088 
1046 -0.0830844 -0.05 -0.374716 -9.0819 
3849 -92.966 -99.0196 -83.2087 -98.4175 
1411 -8.9776 -95.088 95.9768 -0.048 
329 99.3484 -9.04988 0 -0.04992 
2121 -9.04942 -9.04942 -0.0500512 0.1031 
1052 85.4579 93.8891 -0.234138 -9.848 
1162 -8.13288 -6.66181 0.601516 -0.051328 
3844 -99.0831 -19.8186 -99.0498 -99.05 
128 -95.8503 -0.0804128 -0.0472882 -0.04 
32 -0.848039 -0.05 -99.0511 -1.17827 
3 -0.0496 -0.049984 81.4227 -0.049984 
533 -0.05 19.1093 -9.04998 -9.05 
3850 -95.088 -95.088 -15.8896 -79.24 
841 76.6782 -7.24 -98.8915 -98.2896 
300 99.6779 93.7645 -9.04998 -9.04988 
1417 -9.02145 -98.8915 -1.6655 -1.61231 
646 -9.05 3.80747 -0.08192 -0.04992 
1561 139.125 -98.0111 -98.4693 -8.688 
2822 -95.3998 83.982 -98.4164 -99.05 
2378 -8.91159 -8.9776 16.1101 -79.24 
2313 -73.5205 -0.0502554 -0.0502632 -0.0831968 
1668 -9.84798 -11.9231 -95.088 -0.045503 
586 87.7014 -9.24158 -0.0514703 -0.0499968 
2373 -93.1552 82.5668 -0.048 0 
842 85.2397 -8.84438 -95.088 -95.088 
1924 -8.9776 -9.7756 -79.24 -79.24 
534 -0.209636 94.7043 -9.2067 -9.7756 
3845 -98.2576 -99.0556 -98.2576 -82.5701 
2345 0 -0.04 0 0 
2886 -23.088 -9.0471 0 0 
1804 95.5259 84.4453 -19.0661 -98.8969 
394 -5.94414 -0.0464586 0.726757 97.0455 
3113 -98.8915 -99.0511 -16.7723 0 
2572 91.2195 3.91352 -83.0833 -0.0819221 
537 27.1903 -0.0500021 -9.05 -9.05 
898 -10.0089 -0.05 -99.05 -99.05 
531 -0.233896 -0.0502942 -9.0471 -9.05 
3842 -99.0464 -99.0498 -99.0439 -99.05 
2070 18.3946 61.5433 0.5964 -9.05 
44 0 0 0 -0.04 
1667 -8.688 -98.8915 99.9407 -0.048 
585 76.1804 -8.44404 80.7769 84.7887 
2633 -7.24 -9.48536 -98.2883 0.589836 
2092 15.8453 100.907 -9.04998 -0.0500511 
2636 -7.24 67.0295 -79.24 0 
1554 -0.05 -98.4164 -10.735 -9.19086 
1 -0.210877 -0.0500004 -0.05 -0.08192 
1161 56.0675 5.82348 -0.0582961 -0.0497849 
3094 -98.8915 -99.0183 0.59645 -8.9776 
389 -9.03552 97.071 -2.19103 -0.0496 
1050 100.341 15.3285 0.105146 -9.05 
1418 -6.18264 -95.9753 -0.0203584 -63.2096 
293 -0.0499968 79.7599 -9.05208 -9.03552 
834 -0.211051 -9.05 -99.05 -99.05 
3331 -99.0487 -99.05 16.7495 -15.895 
1316 -0.05 -0.973954 -9.05002 -19.85 
3589 -99.05 -62.6162 -99.0245 0.596648 
649 -5.91074 -0.00307794 16.3294 0.0782186 
1049 71.8832 71.7186 -0.05 -9.05 
324 -0.05 -3.17275 -0.0503089 -0.0500025 
3108 -99.05 -99.05 -9.05 -0.05 
645 -9.21684 20.0704 0.756956 -0.0241434 
3107 -95.088 -98.8915 -9.05 6.81837 
2566 46.6963 0.484365 -0.176722 -0.0500511 
1665 -9.05 -83.9347 -83.1585 16.3571 
650 69.9626 -0.0499968 -0.0496 -0.049984 
2584 -76.6503 -0.05 -99.049 -9.05057 
3337 -95.7221 -99.05 -15.7416 -0.222417 
2120 -9.05 -9.05 -0.0500001 -0.0463734 
1797 -0.050266 -16.688 -95.088 -79.4097 
2338 -0.17718 -0.05 -9.04924 -27.0219 
643 -9.05 -0.05 99.3449 0.596658 
3097 -98.2576 -95.088 -0.0883065 -8.688 
392 6.85269 -0.05 -0.049999 -0.0499148 
3848 -99.05 -99.05 -99.05 -83.21 
1553 -1.57644 -16.6877 -26.4461 -9.05235 
2067 -0.05 -0.05 -0.0487588 -9.05 
2580 -11.9847 16.7802 -98.4738 -9.05128 
1409 -9.05 -82.5188 -0.24222 -0.21892 
2376 -6.0399 -9.05 -0.0500021 -98.2884 
3329 -95.2423 -99.05 -0.050354 -79.8836 
908 -5.08338 72.8603 -95.088 -95.088 
3072 -99.05 -99.05 -1.04725 -0.110877 
3586 -82.5716 -99.0807 -15.9248 -1.00915 
1064 3.85511 14.607 -9.05026 -0.05 
289 -0.05 -0.0820805 -9.08192 -9.05639 
1060 -0.0500004 -0.05 -9.05 -0.0500102 
2629 -9.62542 -9.02924 -98.8915 -0.048 
2088 -0.0500004 -0.848 -9.04986 -0.848 
3609 -93.2922 -79.24 -79.24 -8.688 
904 21.076 -0.0499766 -99.05 -99.05 
1320 72.3249 -98.991 -6.76495 -1.60316 
833 -0.242501 -9.05638 -99.0819 -99.05 
292 -0.056384 11.6141 -9.05 -9.04996 
2563 -0.835917 -0.05 -0.0189291 0.601561 
3104 -99.05 -99.05 -8.6133 -0.0499627 
1048 88.5517 16.8866 -0.05 -9.05 
2068 14.2521 100.817 -0.05 -8.96492 
2122 -9.0419 -9.04988 -0.0497932 -0.0883008 
1040 -0.05 -0.0500106 0.529556 -9.05026 
3096 -99.05 -99.0513 0.00782065 -9.05067 
2576 -15.8902 -0.05 -99.049 -9.2096 
6 -0.111492 0.679849 -0.0499968 -0.04 
1061 -0.0512608 -0.05 -8.688 -0.04992 
520 136.168 -0.05 -1.00913 -1.03269 
385 -9.05 -0.0500021 -0.0512915 -0.0500106 
3090 -99.0513 -99.05 80.6148 -9.05671 
2630 6.10978 -7.24 0 0 
2089 -0.05 -0.0819194 -9.0471 80.7759 
1548 99.9654 92.7196 -99.0502 -0.0500001 
1318 -0.84792 -0.847905 -7.24 -8.688 
777 20.1342 3.18101 -99.0501 -99.05 
2817 -79.9151 -0.05 -99.05 -83.1786 
3074 -99.05 -99.05 -0.0499589 -0.887839 
3588 -99.05 -99.05 -82.546 -0.05 
320 -0.08192 -9.05 70.6223 -0.0500105 
36 2.37188 0 0 0 
577 -0.05 -9.05 163.211 81.4161 
836 -0.214726 -8.47388 -99.05 -99.05 
322 -0.0502945 -9.05 94.7508 0.0813841 
2113 -9.05 -9.05 -0.848 -0.044622 
1802 89.8896 56.1231 -4.00473 -99.0819 
2884 -19.561 7.89404 -19.2164 -95.882 
321 -0.0573652 -9.05 -0.272183 -0.05 
578 -0.0502656 -9.05 -1.01373 -0.215946 
2625 -9.19482 -9.05 -99.0498 0.627427 
2084 19.4903 6.81766 -9.07764 -0.847125 
3112 -99.05 -99.05 52.3558 -0.0456995 
1153 -9.05 -9.08192 -0.0499929 0.5964 
328 32.3626 -9.05 -0.0280831 0.428636 
1410 -9.05 -81.9289 -0.817228 -94.2848 
769 -0.856233 -0.05 -99.05 -99.05 
2054 17.0573 84.3555 -0.0499999 -0.0500531 
512 -1.0076 -0.0500021 -0.242798 -1.04111 
1026 -0.05 -0.05 1.06103 -0.050268 
3109 -79.24 -95.088 -9.04998 80.76 
2568 -79.0699 -0.056384 -98.386 -0.0502268 
1283 -0.05 -99.05 79.6202 -2.44134 
3082 -99.05 -99.05 16.11 -0.912303 
648 6.17935 -0.0502558 -0.0818871 -0.0304474 
1062 -0.209794 -0.05 -9.04942 -0.0819194 
521 90.9672 -0.0500102 -0.0189724 3.9579 
778 69.2253 -0.050205 -99.0513 -99.0501 
264 93.0555 -0.05 0.0471403 -0.0498372 
2577 -0.0503044 -0.05 -81.1364 -9.04984 
2374 -98.9186 -8.98945 -0.0448288 -79.1471 
1292 3.98807 94.6826 -0.0500004 -99.05 
1537 -0.0821652 -4.01 -82.947 16.111 
2051 -0.05 -0.05 100.272 -0.0489641 
3336 47.4492 -99.05 0.0366238 -0.872721 
2308 -63.223 0.0675368 -0.0512768 -0.840777 
1280 -0.0500008 -98.9233 -0.923821 -1.00863 
3593 -99.0402 -99.05 -99.0147 0.596406 
1794 -0.992888 -3.88328 -99.049 -17.5362 
1029 -0.05 -0.05 -0.0635334 -0.0241437 
2882 -12.6183 -9.05 -99.0183 -98.8915 
2341 -98.8915 91.5088 -9.0471 -83.9155 
1800 85.9343 -90.5233 -99.05 -99.045 
258 -0.08192 -0.05 3.3126 150.956 
1313 -0.05 -98.9182 -10.7823 -10.857 
772 -0.87226 100.788 -99.05 -99.05 
2057 -0.05 -0.05 -0.0512768 16.11 
1056 -0.0500102 -0.848 -9.20965 -0.0564351 
515 -0.05 -0.05 -0.0230598 97.0455 
2314 1.05666 -0.0499996 -0.0447869 -95.8817 
2368 -84.5346 -9.05 -0.0500004 -15.9216 
1286 -0.05 -15.8953 0.58565 -16.5874 
260 -0.05 3.51385 16.0089 -0.0512757 
2370 -95.4499 -9.05 -0.0499917 -98.391 
1288 50.9265 -95.8816 -0.216044 0.286172 
1315 -0.0819681 -15.888 -8.688 -7.24 
774 -0.0500001 -0.0497515 -98.9233 -99.05 
896 -9.87552 -76.0649 -99.05 -99.05 
3601 -19.85 -99.0819 -99.05 -9.05 
2316 84.5248 13.4972 -0.0500001 -98.2908 
2053 19.0024 80.8767 -0.0500102 16.2651 
1025 -0.05 -0.05 4.17322 -0.0243994 
768 -0.245253 -0.05 -99.05 -99.05 
2310 -82.8957 18.9626 -0.05 -78.6044 
1282 -0.05 -5.08386 79.9424 -78.6099 
3081 -99.05 -99.05 -0.0516481 0.0789989 
2824 26.4969 9.49639 -99.0488 -95.7503 
3338 -99.0486 -99.05 0.59533 -99.05 
2561 -0.683641 -0.05 -98.3911 -0.0437946 
140 -79.24 0 0 0 
2304 -0.0754035 -0.05 -0.0563883 -79.4074 
2818 -3.55932 -0.05 -95.222 -99.05 
3332 -99.05 -99.05 -0.05 -19.058 
3075 -99.05 -99.05 83.1273 16.597 
2307 -19.8886 -0.0500004 -0.0497932 -59.7276 
3105 -99.05 -99.05 8.62402 0.0845684 
2564 -2.60333 90.9617 -99.0498 -1.0076 
2050 -0.05 -0.05 151.45 -0.0499955 
1536 -1.76811 -16.6757 -0.0367057 58.8005 
1793 -0.0647468 -99.044 -99.05 -99.05 
3078 -99.05 -99.0501 80.8803 -0.05 
3592 -95.6007 -99.05 -95.223 -0.216002 
3362 -83.21 -99.05 -84.5295 -84.6491 
2821 -19.85 -0.0193533 -99.0501 -83.21 
2369 -16.8295 -9.05 -0.05 -0.202068 
2305 -83.1847 -0.0500021 -0.2096 -0.05 
2048 -0.0500004 -0.05 -0.0503192 -0.244617 
3076 -99.05 -99.05 -0.05 -0.05 
2562 -0.811334 -0.05 -1.42644 -0.0500001 
3590 -98.2576 -98.4151 -3.2182 0 
288 -0.05 -0.0502554 -9.05 -9.02647 
2885 -82.5772 55.9678 -95.088 -79.24 
2344 -94.958 0.406348 -9.08192 -12.5117 
1160 -6.00722 -9.04615 -0.05 -0.05 
1284 -0.878644 -0.17672 -0.847947 -79.8838 
770 -0.857571 -0.05 -99.05 -99.05 
1027 -0.05 -0.0500001 83.9824 -0.0497542 
256 -0.257327 -0.05 16.2336 2.74051 
2312 -12.9448 -0.0227416 -0.05 -82.3904 
513 -0.0512768 -0.05 0.105137 -0.0480819 
3110 -79.24 -95.088 -9.04998 -0.0496 
2569 -65.8905 -0.206213 -99.0196 80.7759 
2049 -0.05 -0.20961 -0.05 -0.0499999 
1792 -1.85388 -19.7223 -99.05 -99.05 
2306 -83.3696 -0.05 -0.0447872 -82.4487 
3361 -98.2576 -99.0449 -9.58517 -12.6566 
2820 -4.00955 -0.0499586 -99.05 -82.5764 
3077 -99.05 -99.05 -0.05 -0.0230684 
3334 -99.049 -99.05 80.75 -19.8247 
3330 -98.2897 -99.05 16.11 -98.4164 
3073 -99.05 -99.05 -0.0500547 0.079282 
522 11.7536 -0.05 -0.224192 -0.066763 
8 -0.695268 -0.0241863 -0.05 -0.88653 
265 81.3481 -0.05 -0.21212 -0.0563865 
2118 -5.90191 91.8095 0.0803145 -0.0821855 
1036 99.6537 84.6003 -0.0502554 -0.05 
2064 -0.05 -0.848076 -0.204854 -9.848 
387 -9.05 -0.05 80.9125 172.712 
3092 -99.05 -99.05 50.3171 -9.05 
268 89.2574 18.298 -0.05 -0.05 
1538 -0.05 -95.754 -0.217946 -1.04835 
1024 -0.2096 -0.05 -0.0503192 -1.03963 
1281 -0.973955 -98.4162 74.4609 -15.8964 
2052 100.446 17.9205 -0.848 0.765972 
3080 -99.05 -99.05 18.4922 -0.045505 
2309 -98.2589 97.6393 -0.05 -0.176728 
2112 -9.05 -9.05 -0.986211 -0.05 
1030 -0.0500001 -0.05 -0.0190178 -0.0947623 
1057 -0.05 -0.05 -9.2096 -0.0497952 
516 -0.0500004 17.1986 -0.855916 -0.0558448 
2 -0.0819201 -0.05 -0.0362139 -0.05 
2626 -95.5174 -9.05 -0.688669 -1.00786 
2085 100.965 68.4689 -9.05853 80.8857 
1544 30.3059 -66.3885 -83.1847 0.464331 
2058 -0.0500526 -0.0564351 83.7987 -0.0502656 
2342 -79.2573 97.6216 -9.05 -12.0484 
1801 80.8529 -91.9679 -99.05 -99.0642 
259 -0.0819204 -0.05 0.187609 3.31064 
1314 -0.0500001 -98.899 -6.15788 -11.9377 
773 -0.0504974 0.60286 -99.05 -99.0503 
3600 -99.0449 -99.1843 -99.0452 -9.05007 
1317 0 0 -7.24 0 
776 14.9895 -0.05 -99.05 -99.05 
262 -0.05 90.8102 0.628675 -0.0499999 
2115 -9.05 -9.08192 -0.0489658 -0.0179369 
1033 96.6493 93.0763 -0.05 -0.05 
2372 -12.6269 1.752 -0.0500102 -79.8836 
1290 74.3513 72.3762 3.20786 -16.0419 
3089 -99.05 -99.05 -0.0888824 -9.05 
384 -9.2096 -0.05 0.929135 -0.0463144 
641 -9.05001 -0.08192 96.92 100.685 
330 80.2561 -9.05 16.5978 0.752572 
1412 -9.04942 -24.2734 -0.0563861 -98.2899 
73 -15.888 -79.24 79.962 0 
1155 -9.0471 -9.05 0.597486 0.59105 
257 -0.21057 -0.05 -0.05 -0.05 
0 -0.0512768 -0.0819302 -0.727087 -0.05 
514 -0.0819204 -0.05 -0.0502558 -0.0905619 
2056 -0.0500021 -0.05 -0.0499951 -1.01398 
1028 -0.05 -0.05 -0.05 -1.71905 
1285 -0.852862 -80.0357 -0.0563864 -15.89 
2083 -0.05 -0.05 -9.04998 107.502 
2624 -9.05 -9.05 -77.8616 -0.0500512 
1542 -0.05 -0.176719 -95.09 -0.210877 
326 -0.0500004 -8.84908 80.8793 20.1435 
1408 -9.05 -99.0498 13.4569 -1.5749 
72 27.9759 -79.24 0 -0.04 
1154 -9.05 -9.05001 -0.0499996 -1.00786 
640 -9.05 -0.0500511 14.6675 -0.0499732 
3602 -95.2492 -95.088 -80.9908 -8.85245 
897 -9.24427 -0.0500005 -99.05 -99.05 
1152 -9.05 -9.05 138.093 -0.0452686 
4 -0.0651115 100.272 -0.215956 -0.047107 
1059 -0.0499999 -0.05 -9.0471 3.17614 
518 -0.05 81.5455 -0.2096 -0.056384 
2060 99.7892 19.1536 -0.2096 -0.05 
2371 -95.088 -9.05 -0.0496 0 
1289 99.2493 -67.0498 -1.7607 -2.25936 
3088 -99.05 -99.05 -0.0491955 -9.05026 
261 -0.05 92.4016 -0.05 -0.848137 
528 -0.0500511 -0.05 -8.4837 -8.73598 
2124 -4.59768 69.2933 -0.0499999 -0.0499994 
1042 -0.05 -0.05 -0.049996 -7.20376 
3585 -99.05 -99.05 -99.05 -0.05 
16 -0.05 -0.08192 -82.4179 -99.6895 
530 -0.05 -0.0500102 -9.20986 -9.05 
2072 -0.05 -0.05 -0.209564 -9.04999 
1044 -0.0512768 -0.05 -0.0500052 -9.84751 
1065 3.19372 84.6537 -9.0834 -0.0241026 
524 16.8584 41.0597 -0.0502554 -0.909351 
2066 -0.05 -0.05 107.555 -9.05129 
2634 -3.97759 0 0 -0.2076 
1552 -0.0614299 -98.9172 -98.906 -6.61749 
10 97.771 4.62839 0.751742 -0.0499968 
532 -0.0500021 90.7829 -9.05 -9.05638 
1560 79.3222 -94.0917 -99.0491 -9.8529 
3091 -99.0487 -99.0487 -0.0192386 -8.688 
386 -9.05 -0.05 -0.0437942 -0.0499583 
3605 -79.24 -66.7489 -79.24 -7.24 
900 -9.05 97.5624 -99.05 -99.05 
1928 62.6121 -99.0513 -83.21 -99.05 
576 -0.0503064 -9.05 74.1014 -0.2096 
2632 -9.04542 -9.05 -19.8246 -0.0502554 
1539 -1.08843 -99.0196 -2.54721 80.7325 
2080 -0.84897 -1.45448 -9.09509 -0.847972 
1796 -0.975682 -79.2502 -98.9233 -99.0452 
2337 -16.6564 -0.05 -9.0501 -11.9272 
1420 -8.42218 6.91522 -0.048 -15.888 
3584 -95.882 -99.05 -98.9233 1.32335 
3841 -99.0249 -19.85 -99.0564 -98.9182 
517 -0.05 89.9778 -0.0437961 -0.0499583 
1058 -0.05 -0.05 -9.53154 -0.0500021 
2627 -79.24 -7.24 3.85943 -0.04 
1545 17.8879 80.5335 60.9553 0.0790787 
2086 3.16795 100.604 -9.05 -0.0515983 
266 86.8837 -0.05 16.2652 3.96311 
1321 92.9428 -98.7988 -10.2049 -9.1037 
780 19.7338 86.4871 -99.0501 -99.05 
2065 -0.0819201 -0.05 -0.05 -9.05 
1312 -0.05 -19.7222 -9.0684 -11.9537 
2881 -84.0682 -9.05 -99.05 -95.882 
2340 -98.1383 81.5383 -9.05 -26.2848 
1676 -7.24 -8.688 -79.24 -0.049984 
3840 -82.7424 -99.05 -99.05 -99.05 
41 0 80.76 0 0 
582 -0.05 -7.8908 -0.848 -0.884818 
1664 -9.05001 -81.7843 -19.0898 0.256669 
1795 -0.04 -95.088 -0.04 0 
2336 -0.202072 -0.05 -9.07786 -2.16215 
3093 -79.24 -95.088 -0.049984 -7.24 
388 -9.05 99.9101 -0.05 -0.08192 
1416 -9.02015 56.9642 -0.383279 -77.0966 
1666 -9.05 -96.17 -1.03414 -1.25904 
584 93.2584 -9.05 -0.0500511 -0.05 
642 -9.05 -0.05 -0.0510974 -0.848012 
1156 -8.92996 -9.05 -0.0502558 -0.0576612 
529 -0.0500511 -0.05 -9.05 -9.05 
1922 -9.88227 -95.088 -20.6417 -99.0183 
840 17.3129 -9.04998 -99.05 -99.0564 
291 -0.0512873 -0.05 -9.04988 -9.04942 
832 -0.0516572 -9.05001 -99.05 -99.05 
536 83.0677 -0.05 -9.11125 -9.05 
2565 -75.3447 100.143 -94.5765 -0.0499917 
3106 -99.05 -99.05 -9.05 0.287618 
2560 -0.0512768 -0.05 -99.0246 -1.04616 
396 77.4825 18.3812 -0.04992 -0.0499968 
2339 -79.248 -0.049984 -8.9776 -8.688 
1798 -0.0499968 -0.049984 -79.24 -16.686 
2880 -9.62623 -9.05 -95.882 -98.9245 
290 -0.0514709 -0.05 -9.04905 -9.05 
644 -9.05 94.2157 -0.0499711 -0.0459501 
1672 65.9667 -11.2995 -99.049 -0.056561 
580 -0.05 -8.51242 -0.0882718 -0.0503967 
297 89.7229 -0.05 -9.20948 -8.9776 
838 -0.0515293 -7.24 -95.088 -79.24 
1920 -9.90363 -98.474 -95.882 -20.654 
837 -0.209791 -5.5542 -98.2576 -95.088 
296 97.6728 -0.05 4.46561 -9.05 
1546 86.2977 -92.0014 -3.21963 -0.855724 
2628 -11.93 -6.05288 -80.1953 -0.209651 
1032 104.569 84.1313 -0.848 -0.449964 
2114 -9.05 -9.05 80.8803 -0.0500005 
1034 98.6301 65.8106 0.0811283 -0.05 
2116 -8.19847 7.68372 -0.0255348 -0.0499938 
1541 -0.0565781 -79.25 -98.999 3.83357 
2082 -0.854384 -0.05 -9.05 -0.0500107 
1921 -9.05647 -81.3672 -99.05 -19.85 
298 55.112 0.140544 -9.05 -9.05 
1066 86.0474 76.2378 -9.05 -1.04051 
581 -0.05 -6.40598 3.18841 0.111549 
40 80.7552 -0.048 -95.088 -79.2496 
2816 -83.0527 -0.05 -99.0245 -98.4164 
652 65.6179 84.5831 -0.05 -0.0499968 
1540 -0.0500001 -79.25 -80.0418 -0.0512768 
2081 -0.05 -0.05 -9.02638 14.8439 
294 -0.0512768 20.9117 -9.05 -9.05 
2069 94.7866 84.7707 -0.05 -9.05 
1041 -0.2096 -0.05 -0.0512768 -9.05 
1670 -7.24 0 0 0 
588 84.7318 -5.50672 -0.0512736 -0.209855 
2819 -79.24 -0.04 0 -0.048 
3360 -99.0262 -99.05 -10.3607 -99.0452 
3328 -95.7299 -99.05 -0.0610531 -16.5954 
1164 61.077 4.55946 -0.05 -0.209599 
