18 -0.04 0 0 0 
34 -0.04 0 0 0 
2378 0 -7.24 0 0 
906 49.0341 0 0 0 
3333 -79.24 0 0 0 
65 -0.04 0 0 0 
17 -0.04 0 0 0 
332 74.8768 0 0 0 
138 -79.24 0 0 0 
1929 73.5655 0 0 0 
6 0 16.112 0 0 
2074 -0.04 0 0 0 
16 -0.838 -0.04 -79.24 0 
1046 -0.04 0 -0.04 0 
2348 0 0 -7.24 -79.24 
20 0 0 0 -79.24 
2826 -0.04 -0.048 0 0 
1417 64.5896 0 -0.838194 0 
2579 -0.04 0 0 0 
1155 -9.00952 -7.24 0 0 
3845 -79.24 0 0 0 
325 -0.048 -7.24 -0.048 -0.04 
579 -0.04 -7.24 -0.04 80.76 
2090 -0.838 -0.0496 0 0 
1157 0 -7.24 0 16.112 
901 0 0 -79.24 -79.24 
3340 0 0 -0.04 0 
393 6.04743 -0.04 0 -0.25417 
10 -0.048 0 0 0.59648 
1413 -7.24 0 0 0 
1158 -8.688 -8.688 80.7504 0 
9 100.788 0 0 0 
68 -79.24 0 0 0 
1669 -7.24 0 0 0 
2346 -0.04 -0.04 0 0 
1562 80.76 0 0 -7.24 
531 -0.04 -0.04 -7.24 -7.24 
2825 -0.04 -0.04 0 0 
3370 -79.24 0 0 0 
2581 -0.048 -0.04 -79.24 -7.24 
1162 84.1441 -1.29008 0.936157 -0.873947 
3608 -95.088 -95.088 -6.19575 -7.24 
3364 -79.24 0 0 0 
1068 0 75.3143 -7.24 0 
844 86.8567 0 0 -79.24 
2633 0 -8.688 0 0 
2092 18.882 80.76 -8.688 -0.048 
2069 16.2301 0 -0.048 -7.24 
2073 -0.04 -0.04 -0.04 -7.24 
390 -7.24 74.0158 0 -0.04 
2828 74.6128 3.6561 0 -0.04 
3604 -79.24 -79.24 -79.24 -6.01109 
5 -0.048 0 0 0 
533 -0.04992 61.6253 -8.9776 -9.03552 
646 -7.24 80.76 -0.04 -0.846 
1043 -0.2076 -0.04992 0 -8.688 
3849 -79.24 -79.24 0 0 
537 5.91799 0 -7.24 -8.688 
3587 0 0 -0.04 3.78488 
3594 -63.803 -79.24 -0.04 0 
323 -0.04992 -7.24 15.8102 16.1101 
1285 -0.0499999 -15.888 -2.16204 -79.24 
2369 -79.24 -9.04998 -0.049984 -15.8899 
1554 -0.0499968 -79.248 -8.038 -7.24 
64 -15.8896 -95.088 -0.04 -0.2092 
294 -0.0496 -0.04 -8.9776 -8.8476 
1564 -0.04 0 0 -7.24 
1049 78.522 6.60249 0 -8.9776 
3337 26.6301 -98.2576 -1.03935 -1.0686 
540 18.8533 85.872 -9.486 -8.9776 
534 -0.04 30.7392 0 0 
3094 -79.24 0 0 0 
389 -7.24 -0.048 0 -0.04 
1411 -8.038 -79.24 80.76 -0.04 
329 17.5122 -8.038 0 0 
905 5.3465 -0.83648 0 0 
1668 -7.24 -79.24 -79.248 0 
586 -0.048 -7.24 -0.048 -0.048 
2076 100.615 70.5247 -0.04 -8.688 
1045 -0.048 -0.04 -0.048 0 
1322 94.4411 0 -7.24 0 
1316 -0.04 -0.048 -7.24 -23.088 
1052 97.8417 -0.04 0 -8.9776 
2578 -15.888 -0.0499968 -7.24 0 
3844 -99.0437 -19.6915 -98.2576 -79.24 
2584 80.6139 -0.048 -7.24 -7.24 
3368 -67.2842 -95.088 -8.038 0 
24 14.0317 0 0 -79.24 
1556 -0.048 -0.048 -95.088 -7.24 
1066 88.8279 87.6364 -8.9776 0 
3842 -98.8915 -98.8915 -83.1846 -98.8915 
841 85.5266 -7.24 0 -79.24 
300 75.3748 95.9147 -7.24 0 
3334 -98.8915 -99.0234 -0.0497932 -92.5169 
2067 -0.0496 -0.0496 -0.048 -7.24 
2121 -7.24 -7.24 -0.04 0 
1324 93.4619 0 0 0 
3590 -79.24 0 -0.04 0 
1670 -7.24 0 0 0 
588 93.2878 84.6391 -0.04 -0.048 
2570 -0.00268076 -0.048 -0.048 -0.04992 
3589 -98.2895 -98.8915 -99.0183 -0.0487589 
649 -6.25979 -0.0496 0.725681 -0.04 
2344 0.877665 -0.048 -8.688 -79.24 
330 -0.04 -7.24 19.3914 -0.04 
1412 -8.688 -80.688 -0.0496 0 
4 84.4215 12.5349 -0.0453049 1.41781 
1804 73.333 93.2256 -98.2576 -98.3847 
3331 -95.255 -95.088 3.84787 -63.088 
2884 -7.24 0 0 -0.04 
1802 3.60922 -98.2576 -95.088 -95.0896 
3338 -67.7045 -99.0437 -0.0500511 -63.9574 
3108 -95.088 -98.8979 -9.05 -0.048 
3077 -99.05 -99.05 -0.05 -0.0239355 
394 80.2187 -0.049984 0 96.912 
1283 -0.05 -19.849 80.5986 -0.0550259 
3096 -98.4172 -99.0488 -0.910934 -9.96873 
645 0 0 3.82848 16.8867 
897 -9.93267 -0.0500424 -95.088 -98.8915 
1050 13.379 19.4374 0.747777 -8.688 
2632 39.2792 -8.688 -95.088 -0.838 
1665 -9.84801 -98.4743 -66.4103 -0.0498649 
2 -0.0499999 -0.05 3.79644 -0.847918 
2072 -0.05 -0.05 -0.0512768 -9.2096 
1060 -0.05 -0.05 -9.05 -0.0500511 
1798 -0.04 0 0 0 
2339 -79.24 0 0 0 
2880 -12.5115 -9.05 -99.0234 -99.0437 
2577 -0.81032 -0.05 -12.5285 -9.05 
1062 -0.04 -0.04 -7.24 0 
521 79.9868 -0.05 97.5759 19.4957 
264 0.925836 -0.05 -0.0498974 0.455624 
778 89.6873 -0.0516732 -99.05 -99.05 
2374 -80.688 -8.43443 -0.048 0 
1292 100.026 84.7232 -0.848205 -98.9233 
289 -0.332014 -0.05 -9.33976 -9.84788 
32 -0.048 -0.8 -0.04 -0.04 
2088 -0.0502557 -0.05 -9.04891 -0.849318 
2817 -82.4446 -0.05 -99.05 -98.9223 
396 67.6768 19.6516 0 0 
2560 -0.0510138 -0.05 -80.042 -0.0500613 
3074 -99.05 -99.05 3.18821 -0.0824727 
3588 -99.05 -99.05 -99.0449 -0.0499642 
3112 -98.8915 -98.8915 -9.61522 -0.048 
2625 -9.0499 -9.04998 -19.7232 14.2083 
2084 67.4697 79.1978 -6.30153 -0.0500001 
3329 -95.7542 -98.4164 -0.904777 -0.741878 
908 0 0 -79.24 0 
3072 -99.05 -99.05 3.37433 0.399929 
3586 -99.05 -99.05 -0.904495 -1.13701 
2113 -9.08192 -9.05 -0.0500108 -0.0447775 
1793 -0.213328 -99.0447 -99.05 -19.7232 
3078 -99.05 -99.05 16.2447 -0.05 
3592 0.133476 -99.05 -98.8982 -0.237741 
2050 -0.05 -0.05 3.18204 -0.0499686 
1536 -0.0500024 -3.21923 -3.37534 79.4811 
2307 -17.4556 -0.05 0.627427 -0.0550624 
2053 73.6943 19.9743 -0.0503167 -0.0497518 
768 -0.0503139 -0.05 -99.05 -99.05 
1282 -0.051339 -4.00976 16.0803 -3.35109 
1025 -0.05 -0.0500613 11.2622 80.8793 
2337 -79.25 -0.05 -9.0471 -9.03552 
1796 -0.0502688 -82.418 -99.0499 -19.6915 
2310 -98.1199 65.9482 3.82815 96.7518 
3081 -99.05 -99.05 -1.85861 0.104882 
2824 -79.2456 -0.0499773 -99.0196 -0.835663 
2370 -9.05018 -9.05133 79.8086 -19.2151 
1288 0.629095 -95.2221 -0.051593 -77.2695 
260 -1.00765 100.276 -0.0500105 -0.209568 
1315 -0.04 -79.24 0 0 
774 -0.0568353 0.601612 -99.0498 -99.05 
2316 19.1938 91.1205 -0.0499999 -19.0576 
2561 -0.0500003 -0.05 -99.0247 -0.024144 
3332 -99.05 -99.05 -0.05 -82.5764 
2304 -95.2421 -0.05 -0.05 -98.9221 
3075 -99.05 -99.05 0.601723 80.1081 
2818 -83.078 -0.05 -3.34493 -99.05 
320 -0.0500004 -9.05 0.0158964 -0.0819197 
577 -0.05 -9.05 80.7552 155.637 
2376 -79.24 -9.04942 -0.04 -15.888 
1048 40.9875 29.9755 -0.0458919 -8.46606 
1676 78.6778 0 0 0 
3840 -95.882 -99.05 -99.05 -83.0833 
580 -0.0819278 -5.51047 2.82895 -0.0500511 
837 -0.213383 0 0 0 
296 96.5647 -0.872261 -9.05 -9.08361 
771 -0.04 0 0 0 
1312 -0.0502554 -4.0098 -9.26211 -24.7079 
2881 -95.088 -9.05 0 -79.24 
2340 -64.9089 77.4446 -9.05 -81.1646 
517 -0.0500004 99.3148 -0.0189724 16.11 
1058 -0.05 -0.05 -9.04555 -0.217219 
1545 76.7526 -63.8477 -2.72959 -0.0497936 
2086 87.4878 3.1466 -7.24 0 
3585 -99.05 -99.05 -99.05 -0.0318477 
1164 80.9146 0 0 -0.04 
3328 -83.3696 -99.05 -1.02463 -81.0946 
2305 -83.2088 -0.05 -0.05 -0.0510138 
2562 -3.88222 -0.05 -0.177734 -0.05 
2048 -0.05 -0.056384 -0.0499994 0.0694351 
3076 -99.05 -99.05 -0.05 -0.05 
3603 -79.24 0 0 0 
898 -8.688 -0.05 -98.8915 -79.24 
641 -9.05 -0.05 0.949554 -0.0241023 
257 -0.0563841 -0.05 0.427974 -0.0465491 
2056 -0.0500001 -0.2096 10.9191 -0.0493599 
0 -0.0500511 -0.0502554 55.5754 -0.0451244 
514 -0.848 -0.05 -0.05 0.017467 
1028 -0.08192 -0.05 -0.0563856 -0.281313 
2313 -79.1469 -0.05 -0.0566387 -79.248 
1537 -0.2096 -20.0147 -95.8564 16.1691 
2308 -19.2112 89.2696 -0.152728 -3.85265 
1280 -0.05 -98.4113 -0.990702 -1.67404 
1794 -1.57897 -83.059 -19.7231 -99.05 
2822 -98.2576 0.601571 -79.248 -98.8915 
2051 -0.0502554 -0.08192 16.1358 0.596683 
3336 -90.9245 -99.05 -0.794577 -83.0517 
3593 -93.0346 -98.8915 -97.7647 -0.05 
3073 -99.05 -99.05 -0.241668 -0.0241031 
652 82.6847 0 -0.04 -0.04 
2816 -95.7248 -0.05 -99.0247 -19.2162 
3330 -83.21 -83.21 -0.05 -99.0247 
3088 -99.05 -99.05 -0.855118 -9.05 
2114 -9.05 -9.05 -0.0428908 -0.332085 
1032 15.0913 100.246 -0.05 -0.848 
1059 -0.04 0 0 0 
518 -0.05 93.4508 -0.05 -0.0515322 
1289 19.5795 -62.8526 -0.20991 -7.98462 
2060 99.8068 20.0998 -0.0500005 -0.0500511 
261 -0.05 85.669 -0.05 -0.0504929 
2628 -80.0382 -9.04885 -95.0899 -0.049984 
1546 89.7541 97.8478 -1.1436 -0.2543 
1029 -0.05 -0.0819715 -0.0821769 94.3759 
2882 -7.24 -7.24 -79.248 0 
2341 -79.24 72.7736 -7.24 -80.688 
1800 83.9428 -4.8962 -99.05 -99.05 
2314 -79.2555 -0.05 0.597434 -99.0499 
1056 -0.0500511 -0.05 -9.05026 -0.243001 
515 -0.05 -0.05 80.8847 -0.0239285 
258 -0.0503064 -0.05 0.752787 97.691 
1313 -0.848053 -99.0183 -5.7247 -9.21483 
772 -0.05 52.3961 -99.05 -99.05 
2057 -0.05 -0.0819278 -0.24152 16.1154 
1 -0.0499968 -0.0499994 -0.999764 -1.03796 
1153 -9.05 -9.05 2.18235 0.5964 
3601 -95.8807 -99.0183 -95.8808 5.74234 
896 -9.84834 -0.05 -99.05 -99.05 
1320 91.5307 -77.3038 -7.63279 -9.32424 
833 -0.859462 -9.03552 -98.2576 -98.8915 
292 -0.0496 96.2245 -9.11598 -9.04732 
2054 98.5339 83.7639 0.622257 -0.0895808 
3109 -79.24 0 0 0 
2568 -79.2306 -0.05 -99.05 -0.0515248 
512 -0.056384 -0.05 0.560875 0.439453 
1026 -0.05 -0.05 0.0780031 -0.05 
769 -1.27723 -0.0512768 -99.05 -99.05 
3082 -99.05 -99.05 -0.0448203 -1.04719 
3091 -79.24 -79.24 -0.048 -7.24 
386 -9.05638 -0.848 0.0846632 0.0803555 
1928 19.3964 -98.8915 -79.24 -98.8915 
643 -7.24 -0.04 19.6989 -0.04 
900 -9.23511 3.83358 -99.0487 -99.0487 
259 -0.05 -0.05 0.597442 0.641658 
2626 -7.24 -8.9776 -79.24 -0.04 
2085 91.3528 64.0246 -8.038 -0.048 
1544 100.773 -19.5741 -19.8639 -0.210879 
2058 -0.05 -0.0512769 -0.0489658 -0.0567295 
2112 -9.05 -9.05026 -0.0512768 -0.848011 
1030 -0.0500515 -0.848 7.26742 -0.0500005 
2342 74.9474 96.912 0 0 
1801 14.9338 -98.9976 -99.05 -99.049 
3113 0 -79.24 0 16.112 
2572 69.4715 98.934 -16.6807 -0.04 
3600 -99.0234 -99.0498 -93.7757 -6.48899 
513 -0.05 -0.05 97.7884 0.110936 
1284 -0.0502558 -79.25 -0.0612433 -79.9151 
256 -0.05 -0.05 -0.0490922 -0.0499939 
770 -0.878997 -0.05 -99.049 -99.05 
1027 -0.0500004 -0.848 -0.0499567 16.7616 
2312 -76.5337 -0.0500511 -0.0499927 -95.7552 
2569 -0.683597 0.293425 -3.37128 -0.0499917 
640 -9.05 -0.05 -0.0254747 -0.0500034 
72 73.1953 0 0 0 
1154 -9.05 -9.05 -0.0499984 -0.0598006 
1538 -0.209855 -95.2484 -79.0499 -0.24863 
2052 97.7584 55.9173 -0.05 -0.0515857 
1024 -0.056384 -0.05 -0.0493827 -0.05 
1281 -0.848307 -95.755 -1.10325 -1.91786 
3080 -99.05 -99.05 -0.050064 -0.0574053 
2309 -97.7699 69.9213 -0.05 -82.418 
268 100.845 19.9803 -0.05 -0.05 
1553 -0.05 -16.6556 104.783 -9.23514 
1792 -0.0500123 -79.2815 -99.05 -99.049 
2306 -0.684817 -0.05 83.982 -19.722 
2049 -0.05 -0.0500021 -0.0500004 0.5964 
3361 -0.04 -79.24 -8.64676 -8.038 
2820 -19.7161 16.2651 -99.05 -98.9223 
3848 -99.0486 -99.0452 -83.0516 -99.0183 
3104 -99.05 -99.05 -9.0515 0.183343 
2563 -95.2476 -0.05 -81.7445 -0.0488912 
1317 0 0 -7.24 0 
776 94.0852 -0.05 -99.05 -99.05 
2115 -7.24 -7.24 83.2099 -0.8 
1033 1.13828 10.346 -0.0500025 80.75 
262 -0.056384 86.4421 96.9423 16.1152 
384 -9.2096 -0.05 -0.0502221 -0.05 
3089 -99.0487 -99.05 65.0057 -9.04998 
522 75.9234 -0.05 -0.0516516 -0.0502574 
2118 60.7496 7.73533 -0.04992 -0.04 
1036 83.2914 87.6042 -0.0612379 -0.05 
2064 -0.05 -0.05 -0.05 -9.08193 
387 -8.688 -0.05 -0.04 -0.048 
3092 -95.088 -98.2576 -0.05 -9.04988 
265 15.8845 -0.05 -0.05 -0.2096 
8 90.1429 2.75044 -0.0499989 -0.050002 
2122 -7.24 -7.24 -0.04 0 
1040 -0.84897 -0.05 -0.0819204 -8.50101 
2068 91.7582 19.1309 -0.0500003 -9.05 
12 80.72 168.202 0 0 
532 -0.0500614 95.0328 -9.05 -9.05 
1560 104.422 -98.252 -60.773 -9.21596 
1552 -0.0589066 -98.9172 -16.998 -9.21915 
2066 -0.05 -0.05 -0.044563 -8.97257 
2580 -78.6033 80.7502 -96.1457 -9.80241 
3584 -99.05 -99.05 -99.0499 -0.0473012 
3841 -20.643 -99.0447 -99.05 -83.21 
1044 -0.05 -0.0502554 -0.0500531 -9.05027 
530 -0.05 -0.05 -9.05 -9.08119 
291 -0.04992 -0.0496 -7.24 -7.24 
832 -0.0946982 -9.05 -99.05 -99.05 
2117 -7.24 -8.38031 -0.04 0 
388 -9.05 96.3652 -0.2096 -0.05005 
1416 -6.06624 -95.3887 12.387 -69.7566 
1673 58.2973 0 -98.2576 0 
642 -9.05 -0.05 -0.204878 -0.848 
1156 -9.0471 -9.04988 11.2248 -0.056384 
128 -0.04 -79.24 -0.04 0 
1061 -0.048 -0.048 -8.038 -0.04 
520 100.943 -0.0500021 0.319416 -0.0512765 
777 15.1895 -0.0497177 -99.05 -99.05 
2576 -79.8836 -0.05 -83.21 -9.04412 
385 -9.04988 -0.05 -0.0625474 -0.0504444 
3090 -99.05 -99.05 16.2393 -10.0089 
2089 -0.048 -0.048 0 -0.04 
1548 98.1158 79.731 -95.882 -0.0836038 
326 -0.04 6.40291 0 96.9359 
1408 -9.05 -84.0154 -0.212059 -3.85267 
1540 -0.056628 -0.05 -82.5701 -0.0883555 
2081 -0.05 -0.05 -9.05639 100.142 
1797 -0.04 -0.838002 0 -0.04 
2338 -0.0500024 -0.05 -9.05 -95.5078 
773 -0.0503065 0.596597 -99.05 -99.05 
1314 -0.0513156 -3.85793 -9.04988 -9.05 
516 -0.088304 87.8481 -0.0526357 -0.0500123 
1057 -0.05 -0.05 -10.5696 3.182 
266 0.676732 -0.05 100.14 19.3731 
2065 -0.0500102 -0.05 -0.2096 -9.84799 
2124 66.6929 7.04894 0 -0.04 
1042 -0.0502554 -0.05 -0.0435877 -9.05154 
528 -0.05 -0.0512768 -5.88655 -9.04519 
2070 79.6214 90.9244 0 -8.688 
576 -15.89 -9.05 -0.820444 -0.056384 
1152 -9.05 -9.05 -0.0500021 -0.249215 
1409 -9.03552 -79.24 -1.06902 -0.100174 
2565 93.741 16.8059 -75.9203 0.5964 
3106 -99.05 -99.05 -9.05 -0.241556 
536 83.3172 -0.0549455 -9.04999 -9.87992 
322 -0.05 -9.05 -0.0499917 96.9113 
836 -0.210608 -9.04988 -99.0487 -99.0183 
1041 -0.05 -0.05 -0.05 -9.05 
1795 -0.04 0 0 0 
2336 -79.41 -0.05 -9.03198 -26.9186 
2566 -19.2137 124.517 -0.0500016 -0.04992 
3107 -79.24 -79.24 -9.03552 0 
582 -0.048 -5.88391 -0.048 0 
1664 -9.05005 -9.63208 51.9905 1.49869 
1539 -0.0819199 -82.5754 17.0358 0.106143 
2080 -0.05 -0.05 -9.04718 -0.209602 
538 95.3352 0 -9.486 0 
2120 -9.0511 -9.05638 -0.0500021 -0.258912 
321 -0.05 -9.05 -1.16087 -0.209608 
578 -0.05 -9.05 -0.886153 -1.00674 
1542 -0.04 -0.04 -0.04 0 
2083 -0.048 -0.048 -8.9776 -0.048 
2624 -9.87122 -9.05638 -98.2643 -0.0500001 
2564 -79.2508 112.588 -98.9182 -0.0371052 
3105 -99.05 -99.05 -9.84905 0.853303 
2821 -98.8915 -0.0346185 -99.0488 -99.0437 
3362 -95.088 -95.7235 -9.05 -98.2576 
1064 3.02955 3.33823 -9.05 -0.849287 
780 110.85 4.07081 -99.05 -99.05 
1321 103.333 0 -9.48248 0 
834 -0.21614 -8.9776 -95.088 -95.2476 
293 -0.04 18.8079 0 0 
1922 -7.24 -79.24 -79.24 -79.24 
840 80.6122 -9.04867 -99.05 -98.2576 
392 10.3419 -0.05 0.441949 66.2055 
324 -0.210571 -3.25507 2.63786 -0.0512858 
581 -0.049984 -6.45095 19.3902 -0.04 
3609 -79.24 0 0 0 
904 8.70045 -0.810322 -99.0437 -99.0499 
1418 13.9094 -69.127 0.725405 -79.248 
1161 -8.4312 -7.24 -0.0500126 0.0792832 
1034 77.182 80.9965 3.31004 -0.0515935 
2116 -6.09664 66.0021 -0.0500102 -0.0512768 
529 -0.050256 -0.05 -9.04984 5.85003 
288 -0.0500511 -0.05 -9.05001 -9.04983 
1286 -0.0512775 -3.8516 16.1101 -19.0632 
2368 -84.6454 -9.05 -0.05 -82.4233 
1672 -2.56311 -95.2502 -81.7944 -0.258295 
644 -9.05 88.7622 -0.0500511 -0.05 
1921 -9.05225 -84.0172 -98.2576 -98.2576 
298 78.8614 -0.04 -7.24 -8.688 
290 -0.05 -0.0500001 -9.05 -9.05005 
1666 -9.0419 -98.9031 -0.848345 -0.04 
584 92.8088 -9.05 -0.856679 -0.05 
1541 -0.0883431 -79.4096 -16.0471 -0.0499983 
2082 -0.05 -0.0512768 -9.05 -0.0502575 
1160 -6.59352 -8.82543 -0.0500511 -0.0500102 
648 59.066 -0.05 -0.027209 -0.0459575 
1410 -10.4545 -96.1697 1.07285 -79.2819 
328 33.9287 -9.05 -0.05 -0.05 
1667 -7.24 0 -0.04 -0.04 
585 2.5563 -8.9776 3.1824 0 
524 94.5797 75.9385 -0.05 -0.05 
1065 -0.048 100.73 -8.688 -0.04 
297 95.0947 0 -7.24 0 
1920 -9.27409 -24.4102 -99.05 -99.0499 
650 -3.86882 -0.049984 0 -0.838 
136 -79.24 0 0 0 
1561 79.4038 0 0 0 
3360 -99.05 -99.05 3.13586 -98.2695 
1290 98.2115 61.7567 96.846 -16.0419 
2372 -83.4655 6.08138 -0.0566087 -0.210741 
