1417 367.83 0 0 0 
18 296.256 0 0 0 
66 256.983 0 0 0 
34 347.122 0 0 0 
901 271.596 0 0 0 
2579 184.015 223.317 0 0 
1930 343.438 0 0 0 
20 360.58 0 0 0 
906 284.497 0 0 126.528 
3084 0 0 0 258.427 
136 130.368 0 0 0 
1929 280.066 0 0 0 
129 229.647 0 0 0 
1045 0 214.095 0 0 
1411 286.103 184.253 430.774 0 
329 407.677 227.862 0 0 
2380 279.986 0 0 0 
2121 226.735 0 0 368.971 
325 243.486 0 0 0 
130 139.359 0 0 251.369 
1324 423.033 0 0 0 
3610 161.515 0 0 0 
905 298.746 0 193.264 0 
3370 148.023 0 0 0 
1674 300.772 0 0 232.409 
538 0 261.985 0 0 
2348 258.452 0 0 0 
1158 199.606 226.003 0 272.729 
1564 375.777 0 0 277.469 
2582 212.229 0 151.052 0 
2346 181.961 316.742 0 0 
3596 172 0 0 0 
650 324.722 0 0 0 
646 328.531 0 0 219.631 
2074 0 285.77 0 0 
1555 283.096 0 0 0 
3843 84.5433 0 0 0 
1557 338.007 0 0 0 
393 329.583 0 0 0 
3098 186.275 0 0 0 
2090 0 0 338.145 210.203 
3849 59.9896 0 0 153.098 
3368 183.69 0 280.156 115.162 
16 286.604 0 178.428 0 
2378 335.925 222.216 0 0 
586 360.579 0 160.116 0 
1668 226.656 238.098 174.487 0 
2073 0 0 267.046 0 
2584 232.639 261.244 206.325 336.958 
1046 306.111 0 0 151.379 
38 176.157 0 0 0 
579 282.105 251.29 290.722 410.108 
3602 199.866 0 0 0 
897 369.267 256.49 164.691 95.4188 
33 307.325 0 0 0 
1052 431.373 301.262 227.487 266.422 
2888 254.021 0 0 158.015 
2588 312.568 0 0 0 
132 128.209 232.553 0 206.408 
24 58.8364 300.06 0 0 
1043 232.625 180.004 369.377 287.148 
2313 180.715 250.029 240.852 198.547 
3094 112.627 0 0 249.985 
389 279.687 237.483 256.299 138.567 
68 407.578 0 0 0 
2076 346.406 0 0 0 
3114 185.729 0 0 0 
2373 0 346.138 323.323 155.835 
643 0 0 0 432.433 
12 341.428 220.595 0 0 
1409 335.069 144.087 254.976 220.233 
64 181.038 0 229.211 243.807 
22 213.309 0 0 0 
6 56.5999 0 325.081 374.85 
1162 205.116 0 310.418 347.634 
40 303.684 0 0 0 
581 319.48 477.212 347.379 314.728 
537 294.072 291.005 312.633 291.108 
3331 203.478 204.277 333.079 215.245 
3845 195.67 0 0 0 
3108 183.491 157.092 0 339.671 
841 266.218 0 0 0 
300 379.701 0 298.279 208.379 
1414 0 0 348.014 0 
332 387.233 0 252.344 223.386 
530 254.665 237.745 239.993 272.475 
898 291.877 240.249 161.604 109.665 
3604 87.4467 157.261 0 332.571 
1050 355.085 276.856 364.959 257.954 
1068 338.257 227.484 285.49 261.332 
1562 372.427 0 0 0 
2369 254.558 278.63 267.388 189.462 
3333 185.251 0 262.038 156.865 
1561 422.805 233.319 268.781 255.637 
10 206.266 296.117 211.665 0 
65 186.214 0 0 0 
3852 155.104 0 0 0 
2828 318.427 354.115 223.348 200.252 
844 326.819 0 0 131.005 
3587 206.288 0 264.258 440.921 
540 387.205 277.426 181.126 271.898 
73 336.051 0 0 0 
1155 271.835 192.895 0 0 
387 255.263 0 0 309.069 
3092 158.193 136.39 255.284 166.522 
3846 163.284 0 0 0 
588 451.656 0 188.867 0 
3850 73.2649 0 0 0 
2072 181.491 277.362 256.868 262.703 
323 251.317 247.144 316.139 0 
2581 220.715 343.502 284.378 294.369 
2886 -0.359296 0 0 0 
1804 413.594 313.78 194.607 248.472 
2117 256.179 269.314 269.573 372.233 
3590 137.874 0 103.795 0 
642 288 256.955 248.076 270.48 
3096 114.807 114.555 199.702 187.048 
2307 199.134 288.037 378.055 264.47 
3366 120.041 0 0 0 
2825 240.259 0 0 0 
1066 376.632 0 296.169 282.628 
1556 253.335 255.796 242.011 319.09 
534 262.023 0 0 206.119 
390 281.456 313.377 386.428 320.053 
1157 268.135 0 206.597 0 
1673 333.603 130.486 176.791 332.578 
293 265.891 0 0 0 
834 363.273 177.34 0 0 
3594 167.24 0 168.269 287.279 
1041 265.845 303.916 254.352 309.337 
531 187.461 0 0 302.151 
1161 330.416 264.698 259.572 394.011 
2885 0 0 0 277.141 
2344 221.965 329.576 0 160.149 
3112 143.388 147.493 255.465 0 
3593 265.727 154.088 279.614 379.208 
1322 337.461 230.298 369.642 0 
1318 317.728 0 0 0 
777 396.684 255.334 146.028 114.86 
2585 246.925 0 0 366.457 
1049 382.059 281.234 325.594 345.268 
2113 225.475 287.504 270.918 259.776 
2069 304.067 358.693 225.026 351.635 
294 293.685 371.917 258.868 306.274 
3364 208.832 0 250.89 0 
2120 250.443 209.392 287.153 281.083 
1669 262.588 255.257 207.434 0 
2570 227.457 272.767 248.733 306.68 
3113 0 174.851 0 245.418 
2572 317.607 361.539 106.678 263.823 
2309 205.852 368.685 240.928 215.251 
2580 99.9532 338.034 216.271 265.864 
17 272.839 0 0 0 
5 201.185 413.147 315.473 272.783 
3110 107.459 0 0 0 
2569 252.218 289.751 191.44 308.126 
2578 196.405 322.735 183.112 203.715 
1285 328.496 216.717 254.782 79.4258 
2342 314.409 402.167 202.486 194.986 
1801 352.859 94.4227 184.464 204.836 
3337 313.813 177.517 0 172.461 
2632 239.148 274.963 211.84 268.793 
1048 321.8 240.164 283.022 250.595 
3329 187.694 228.956 273.302 225.349 
908 350.408 0 0 0 
3072 160.696 223.619 270.322 164.958 
3586 208.565 118.617 199.513 272.979 
3841 216.637 131.613 184.944 32.7487 
1420 332.626 0 0 118.442 
3584 34.3529 116.702 71.8253 321.672 
262 287.419 387.64 395.191 307.688 
2115 227.592 243.961 326.496 383.279 
1033 402.424 264.547 279.517 320.662 
776 396.227 266.629 107.804 161.609 
291 291.771 0 226.207 239.639 
832 357.265 257.895 202.841 168.011 
324 278.496 384.31 274.883 251.13 
3088 172.615 232.116 268.622 268.586 
1059 279.919 0 0 0 
518 309.946 370.955 230.83 276.14 
2114 252.35 295.754 466.817 268.579 
1032 390.531 285.305 287.507 279.899 
2371 303.13 0 0 206.098 
1289 289.995 284.685 280.181 252.305 
2060 267.583 359.95 260.526 243.924 
4 285.847 432.588 337.857 304.291 
261 265.516 351.219 258.395 207.506 
2628 265.878 375.735 282.329 299.218 
1546 348.995 166.15 193.342 282.514 
515 302.797 307.446 326.306 454.254 
1056 328.629 241.631 264.224 261.063 
2625 258.011 344.817 168.168 286.965 
2084 311.353 310.335 273.382 295.846 
582 290.297 0 0 0 
1664 240.632 271.219 214.305 376.098 
1029 287.552 285.979 261.339 307.496 
1313 323.169 116.734 0 228.408 
772 300.785 356.062 182.344 179.848 
258 322.351 310.81 377.003 309.343 
2341 190.463 0 0 0 
2882 249.281 199.708 289.666 101.204 
1800 335.71 148.956 175.189 167.043 
2057 204.559 269.78 275.457 319.324 
1 358.093 216.293 316.711 311.841 
2368 208.825 279.772 346.029 208.794 
1286 283.849 223.586 358.443 197.195 
2314 264.95 261.883 364.071 275.777 
1537 253.091 208.841 187.178 414.218 
3106 219.268 156.686 297.853 274.163 
2565 184.769 349.578 181.503 305.597 
2051 194.864 271.072 424.852 188.131 
1280 288.365 249.713 364.922 205.965 
2308 164.053 386.75 273.944 216.1 
1794 328.931 258.348 153.943 151.792 
3336 203.053 229.815 269.252 212.309 
2822 275.24 320.265 255.66 222.944 
1062 289.171 0 0 0 
521 275.125 264.867 249.46 326.594 
264 381.509 285.252 301.618 243.579 
778 473.01 272.216 158.397 188.054 
2374 260.677 252.303 334.987 206.142 
1292 372.36 267.396 291.935 195.609 
2577 237.333 329.355 200.7 345.906 
900 265.559 373.752 197.702 180.158 
3605 -4.49116 235.687 0 0 
1667 263.665 0 0 0 
585 309.792 282.144 305.597 362.474 
1410 282.372 185.928 379.891 304.41 
328 462.589 263.129 271.716 260.773 
1924 214.941 0 0 0 
842 425.024 0 0 0 
1281 239.362 233.061 268.149 251.476 
1024 341.381 228.269 258.479 241.065 
1538 264.96 227.992 226.297 283.611 
3080 168.569 180.737 329.058 254.295 
2052 359.505 404.987 270.607 303.729 
3107 81.6244 129.665 336.712 0 
2566 304.103 320.156 280.972 265.246 
1027 262.493 204.627 306.145 372.779 
513 274.757 252.39 302.1 431.402 
256 305.818 333.935 196.632 207.384 
770 233.072 264.685 158.731 159.347 
1284 247.1 241.533 330.78 214.55 
2312 209.777 309.345 251.865 173.751 
3340 238.853 0 0 0 
2826 149.687 328.876 0 79.523 
771 189.359 0 0 0 
1312 343.693 227.652 257.616 211.631 
2881 119.037 288.537 0 196.176 
2340 151.709 316.568 247.137 169.755 
1542 279.498 0 0 0 
2624 185.173 290.636 238.764 279.985 
2083 295.304 0 0 0 
288 234.182 271.434 318.198 198.036 
1316 266.126 246.1 0 223.626 
3082 161.35 157.089 361.123 162.44 
1026 299.73 247.24 327.847 260.433 
769 290.746 195.134 159.055 157.54 
512 299.02 262.472 206.867 248.303 
2054 327.164 320.942 373.367 289.003 
3109 181.956 0 0 0 
2568 235.436 260.057 212.768 297.566 
1283 258.052 181.887 430.011 327.96 
3585 191.583 187.311 230.284 395.877 
1164 0 301.35 318.874 277.42 
3328 141.106 183.932 304.296 175.175 
3842 96.7111 132.37 338.201 100.48 
320 289.961 233.318 252.266 217.484 
36 343.279 0 0 0 
577 238.463 290.896 322.73 262.877 
2376 385.282 254.276 300.771 98.7991 
322 272.048 290.65 367.258 296.346 
836 321.595 334.598 166.845 154.642 
576 286.031 265.505 230.102 251.918 
3073 175.852 181.68 243.101 333.645 
652 369.818 0 217.396 271.29 
2816 209.882 267.232 247.347 240.671 
3330 142.954 173.049 353.723 161.792 
3844 118.901 165.582 26.3514 163.456 
259 305.617 289.287 463.376 246.463 
1057 265.517 253.362 255.411 362.009 
516 261.19 385.149 221.143 236.598 
2112 233.857 325.373 297.6 260.622 
1030 262.163 215.821 379.382 258.411 
2085 267.851 333.065 361.834 440.971 
2626 217.071 302.603 248.002 0 
1544 326.617 259.829 226.342 303.593 
2 296.444 164.213 291.227 195.189 
2058 215.857 281.225 408.057 261.917 
3600 266.072 209.859 96.0532 321.676 
1314 280.426 185.599 296.08 298.085 
773 270.999 321.787 233.523 173.831 
640 252.742 256.315 237.775 267.56 
72 362.587 0 0 0 
1154 275.301 296.977 396.651 266.118 
1416 397.97 206.331 252.416 248.87 
3093 185.362 0 0 0 
388 267.29 316.035 307.637 288.873 
645 292.968 361.698 303.185 319.764 
2305 269.941 251.563 250.91 192.634 
2562 236.409 315.997 268.052 316.273 
2048 202.173 276.389 255.14 319.582 
3076 139.008 102.764 205.921 338.343 
1064 381.422 334.399 343.581 279.768 
2633 287.819 0 247.406 0 
2092 324.798 389.749 0 0 
3089 182.82 177.657 271.558 322.447 
384 300.174 258.993 260.338 252.515 
641 301.406 315.035 469.095 328.363 
257 316.181 253.006 248.312 234.131 
1028 245.575 209.067 336.534 254.273 
514 277.124 279.391 269.12 282.174 
2056 223.515 372.099 256.89 274.343 
0 281.123 237.567 389.034 192.539 
1282 269.94 238.732 352.058 198.855 
768 261.349 274.442 185.28 179.518 
2053 309.97 329.827 260.34 312.442 
2310 265.683 312.457 366.556 253.876 
2337 247.279 325.767 250.744 226.009 
1796 242.677 218.786 151.621 186.094 
2824 211.678 298.882 168.604 166.894 
1025 266.53 229.45 262.598 386.29 
3338 194.603 177.185 325.699 180.794 
3081 179.626 155.498 271.365 364.812 
2080 216.019 272.113 267.077 263.99 
1539 265.812 200.435 286.484 354.859 
266 305.644 268.771 395.57 283.666 
1321 217.009 190.472 0 0 
780 314.035 352.865 201.639 173.241 
2065 248.367 269.515 275.882 283.678 
9 385.127 0 121.698 215.716 
1536 340.175 177.751 204.324 286.248 
2050 264.6 244.517 446.554 282.329 
1793 340.434 200.969 240.893 172.629 
3592 245.282 223.407 235.119 308.517 
3078 206.679 154.938 167.341 263.908 
1061 268.106 0 0 0 
520 367.642 276.568 219.39 305.036 
2116 228.997 331.831 320.977 274.778 
1034 315.514 296.266 334.235 317.725 
2576 134.196 267.631 235.106 207.454 
2089 0 0 0 355.49 
2630 274.824 0 0 0 
1548 371.241 300.135 209.996 284.426 
3090 194.357 210.558 372.952 268.902 
385 243.046 277.221 247.43 193.437 
1156 269.027 212.176 263.341 278.313 
128 74.5333 136.849 165.436 235.72 
1160 363.545 294.447 291.632 288.768 
2049 224.575 296.946 292.685 435.455 
1792 271.044 174.428 135.796 202.528 
3361 160.814 0 0 0 
2820 130.767 375.495 169.11 213.739 
2306 322.716 277.41 340.104 159.568 
3077 163.482 112.279 228.206 421.782 
3104 222.284 185.146 213.49 304.097 
2563 184.852 275.863 289.741 352.428 
3334 141.719 247.745 319.524 210.85 
3848 53.6408 139.336 168.368 205.555 
260 278.679 365.977 261.725 247.069 
2627 175.348 0 0 0 
2086 280.259 419.09 0 288.468 
1545 351.785 283.734 262.632 274.867 
3 -3.13421 0 391.713 0 
2316 258.974 340.496 324.651 193.993 
1315 307.117 0 0 0 
774 315.385 371.718 138.219 215.751 
2561 266.522 248.12 165.316 394.172 
2304 202.065 263.049 290.458 252.926 
2818 102.417 308.588 190.865 155.059 
3075 197.7 184.784 361.884 317.887 
3332 186.684 202.287 306.409 230.582 
3589 140.287 176.719 257.159 395.958 
1665 255.033 143.37 207.077 400.465 
268 366.948 318.551 246.803 307.776 
1553 264.487 216.255 246.778 333.847 
2067 260.592 0 0 347.606 
2634 202.287 0 0 0 
1552 257.152 223.357 174.166 303.17 
2066 259.703 308.16 339.676 242.823 
3608 150.891 147.395 0 298.791 
3074 156.928 159.077 359.483 297.435 
3588 179.542 215.789 273.976 298.461 
396 356.122 0 0 0 
2560 235.234 258.887 256.771 277.109 
2817 161.942 270.101 143.746 216.143 
2122 278.688 0 0 255.713 
1040 265.637 223.128 258.6 321.162 
2068 330.227 395.333 298.268 316.349 
2636 250.441 0 0 237.885 
1554 324.117 221.752 218.06 251.793 
532 346.397 421.887 229.703 258.213 
1560 388.161 293.76 189.113 274.967 
1676 339.091 0 200.443 0 
3840 172.294 70.1402 98.1647 79.2693 
290 312.086 259.571 323.668 290.798 
2064 235.784 272.146 365.74 243.042 
2118 301.83 413.781 345.546 301.685 
1036 388.15 279.436 252.21 259.049 
8 345.918 197.627 234.831 207.037 
265 431.701 254.381 237.118 228.436 
522 352.09 299.724 240.372 301.06 
1802 350.772 83.8726 175.688 169.117 
2884 200.563 312.767 228.597 168.526 
1288 461.626 205.701 283.356 236.875 
2370 267.142 293.027 388.372 177.287 
528 319.18 293.499 266.832 283.109 
2070 314.942 341.987 386.06 294.453 
2124 169.07 308.498 261.013 0 
1042 285.23 191.736 385.233 310.457 
837 0 0 170.145 0 
296 332.331 290.636 263.979 232.776 
1290 315.821 211.131 471.604 171.301 
2372 129.747 406.351 265.641 186.564 
1540 267.602 246.911 191.589 245.07 
2081 282.327 267.457 286.773 362.734 
1797 267.303 99.17 163.05 151.873 
2338 172.193 266.018 282.124 240.877 
3091 176.336 142.983 349.908 328.469 
386 344.237 250.023 454.397 333.922 
1928 342.092 240.301 169.233 146.853 
1795 270.881 0 0 0 
2336 274.223 261.225 252.2 145.915 
70 202.819 0 0 0 
1152 248.96 248.928 248.627 263.35 
1418 396.89 175.719 247.303 149.313 
3609 333.868 0 0 0 
904 239.5 278.007 175.731 160.017 
394 318.73 303.894 334.81 297.862 
529 304.195 278.109 291.68 294.1 
1153 273.566 249.957 278.822 305.487 
3601 210.92 240.98 190.075 309.811 
896 178.56 333.955 157.797 164.343 
392 368.953 301.141 284.089 250.405 
649 338.486 253.474 353.684 385.794 
578 258.644 262.234 256.839 261.956 
321 266.365 276.862 246.68 213.163 
1922 251.43 0 184.336 0 
840 357.842 279.125 194.093 204.829 
1408 269.11 214.977 247.902 173.093 
326 268.144 301.627 394.371 304.596 
833 381.761 177.332 130.636 0 
292 285.168 429.43 329.814 229.962 
1320 385.728 322.122 255.815 325.601 
1666 304.363 131.224 248.388 206.078 
584 425.377 285.55 263.919 255.102 
517 283.229 305.204 288.274 362.071 
1058 261.477 243.696 415.42 261.924 
536 353.353 272.474 267.57 289.328 
2564 278.993 470.518 200.368 321.154 
3105 177.564 241.597 288.521 326.726 
2821 261.294 392.609 168.005 199.233 
3362 192.367 187.114 282.922 134.462 
524 413.562 359.736 291.367 283.389 
1065 427.571 317.788 262.952 334.6 
644 305.467 324.437 270.99 278.092 
1672 274.976 288.171 171.419 284.996 
2819 160.613 0 0 0 
3360 211.017 222.691 312.837 201.885 
533 280.022 338.811 330.542 334.028 
1541 287.94 257.534 277.146 290.381 
2082 251.217 279.651 293.458 309.954 
2629 168.074 0 103.648 316.791 
2088 212.888 250.826 252.908 273.153 
32 184.771 261.876 140.627 88.5105 
289 267.11 307.91 263.68 224.239 
1060 245.875 202.386 255.766 390.179 
1044 268.095 223.112 246.468 394.78 
297 283.12 0 272.644 0 
838 290.994 271.48 0 0 
1920 330.439 168.206 242.359 167.371 
648 289.921 266.403 247.046 275.301 
580 247.487 331.495 282.179 273.656 
1412 286.613 223.057 235.935 240.468 
330 325.02 305.298 346.935 297.017 
1798 274.736 202.41 252.766 145.416 
2339 347.948 0 0 0 
2880 198.399 321.479 194.999 185.887 
1921 400.287 181.027 165.964 0 
298 355.916 238.196 324.827 257.246 
